# parameter guess for each density bin at kmax=[0.01599931 0.025733   0.03563564 0.04540391 0.05524662 0.06520112
#  0.07517733 0.08514905 0.09515436 0.10512778 0.11513519]
2.094491243111175349e-01 1.825065660743440121e-01 3.427940335308050090e-01 2.729097284220143305e-01 3.256945978092309346e-01 3.397583423725695773e-01 3.323566224756620557e-01 3.284585433377308350e-01 3.137894044661024284e-01 3.158148932771724371e-01 3.057320400001369287e-01
5.369946616622958135e-01 -3.420045645951699798e-01 2.922877335969147339e-01 3.123130066240707436e-01 3.240934202987205137e-01 3.470974947350266571e-01 3.570694478665704663e-01 3.632398974658341828e-01 3.762390197087029375e-01 3.813891200630237233e-01 3.870913232655773806e-01
9.999999863743117556e-01 4.394147800684959360e-01 4.654712507843301039e-01 5.592164106262123013e-01 5.582944846364235048e-01 5.679386094947777019e-01 5.686862234041231146e-01 5.725186937354678207e-01 5.794739438447417124e-01 5.838810132489012927e-01 5.845680055218789306e-01
6.839358782427652494e-01 7.006989718119061017e-01 6.660060521881600026e-01 6.899179298718118858e-01 7.505175043597038798e-01 7.502260867300221125e-01 7.502944759094084537e-01 7.510399117141930425e-01 7.538700191297064146e-01 7.585205622942196024e-01 7.608594525733540781e-01
9.942223098021564232e-01 8.814822711398176969e-01 8.605106742978985146e-01 9.079270038856580571e-01 8.486129006012036458e-01 9.139831673518442612e-01 9.162701963046713249e-01 9.110754887589402884e-01 9.123812323109438127e-01 9.169402492601463894e-01 9.191491133068925290e-01
1.014965320482953182e+00 1.075841665557269788e+00 1.025280551134375884e+00 1.066793845632125093e+00 1.077538069282212962e+00 1.065612367364193513e+00 1.070516599335511909e+00 1.070682845175174869e+00 1.069990293132703885e+00 1.074459558126420688e+00 1.077385888933521940e+00
1.000000000006283640e+00 1.000000700447242430e+00 1.191942033389892464e+00 1.122733668874104307e+00 1.251417102139059212e+00 1.248643122100980607e+00 1.250092727486970201e+00 1.246996152909564115e+00 1.250062058560332368e+00 1.253477308299079773e+00 1.255660773143517206e+00
1.000000000000000000e+00 1.000000000000000000e+00 1.503023151875427565e+00 1.492228352422912963e+00 1.347110301330015192e+00 1.484653921226901430e+00 1.488653107243369078e+00 1.486241815017018686e+00 1.491477468626814851e+00 1.496520604003708010e+00 1.502835603227699712e+00
1.000000000000000000e+00 1.000000073655652244e+00 1.860747732581470082e+00 1.879445431581299619e+00 1.487753224141336261e+00 1.887278876063137822e+00 1.894650110053534675e+00 1.899351250287184767e+00 1.915342098956080097e+00 1.929445577058681582e+00 1.945551279279561951e+00
1.000000000971820846e+00 1.000000114031545317e+00 2.179379127595220567e+00 2.451724621849972419e+00 1.973269837030401597e+00 1.836570828932698074e+00 2.540019783434180223e+00 2.571366001129666845e+00 2.613697681438433840e+00 2.642441731717055209e+00 2.684778346685907646e+00
