# parameter guess for each density bin at kmax=[0.01599931 0.025733   0.03563564 0.04540391 0.05524662 0.06520112
#  0.07517733 0.08514905 0.09515436 0.10512778 0.11513519]
3.480990377638568667e-01 3.503159369018793989e-01 3.484079763362945004e-01 3.450687061234086195e-01 3.390163393722311902e-01 3.366772031791883113e-01 3.317394775167081811e-01 3.268989508014234491e-01 3.221499717910443206e-01 3.154198771173704618e-01 3.111628818092929682e-01
3.038245036370855190e-01 2.888163833738071062e-01 3.055053905943218573e-01 3.214961834002088570e-01 3.275601143468722110e-01 3.332184390464330570e-01 3.392316407255415167e-01 3.460531720329663163e-01 3.522575249350455850e-01 3.594880628135807554e-01 3.659990537171192715e-01
5.603218564578230643e-01 5.417664594930239330e-01 5.519031960510039081e-01 5.609314711590076552e-01 5.638250495419120378e-01 5.677369040381675669e-01 5.712577163192625873e-01 5.734822652229411011e-01 5.775477976055152229e-01 5.833143371508704433e-01 5.877920281771666922e-01
7.535886476383837351e-01 7.326521972062958188e-01 7.394173892937375703e-01 7.481725512998711469e-01 7.481870808588088062e-01 7.501110020304214698e-01 7.513615956251554762e-01 7.516852627246599639e-01 7.545598918453882975e-01 7.592028142124228607e-01 7.616249620103056062e-01
9.247155678547712698e-01 8.983640826983334549e-01 9.026443570628756019e-01 9.105633219346150886e-01 9.120402358046507674e-01 9.116641652887417235e-01 9.128700313950899314e-01 9.118093866387869673e-01 9.144689762635749286e-01 9.175927525629616888e-01 9.197587419505126594e-01
1.101071709526033615e+00 1.059112635182926088e+00 1.065677560110252609e+00 1.072375211855330912e+00 1.073223309632742373e+00 1.071646425432358107e+00 1.071904211883989655e+00 1.069785462853905189e+00 1.071406965910786546e+00 1.074639176229677417e+00 1.077730297035674800e+00
1.268156353806498604e+00 1.233998286397002264e+00 1.249756712141685266e+00 1.251454773302433265e+00 1.251650632456075440e+00 1.249342681817992018e+00 1.250239004081198368e+00 1.247878294182565018e+00 1.250791616536120587e+00 1.254038148386505291e+00 1.256563479087826618e+00
1.507698852935529521e+00 1.466851817332828434e+00 1.483935635440588596e+00 1.486980638413533340e+00 1.487451129909382663e+00 1.484930031897552016e+00 1.489066334005228587e+00 1.486590933514783552e+00 1.492427736520573367e+00 1.496743861907727791e+00 1.503275605519206914e+00
1.885505722332829315e+00 1.848325061400662328e+00 1.868093013153575788e+00 1.878085754818795916e+00 1.886103207979100471e+00 1.886928881776217981e+00 1.894784044641919074e+00 1.900230965252813542e+00 1.915964232457197713e+00 1.929550673521763793e+00 1.946357448581638394e+00
2.465959520549301676e+00 2.418688639710310451e+00 2.447871943274664730e+00 2.474087803100248451e+00 2.497617980499728496e+00 2.516945631942920425e+00 2.540680370511502417e+00 2.572028803382283790e+00 2.614866763828200824e+00 2.643541354882427807e+00 2.685021551752521329e+00
