# parameter guess for each density bin at kmax=[0.01599931 0.025733   0.03563564 0.04540391 0.05524662 0.06520112
#  0.07517733 0.08514905 0.09515436 0.10512778 0.11513519]
-1.574102860071378673e+00 -1.512445379943121448e+00 -1.531305602817347733e+00 -1.510121491654945913e+00 -1.492533066021438648e+00 -1.486749138201085341e+00 -1.459458484015494051e+00 -1.452048810113642396e+00 -1.425044175337667252e+00 -1.348497468782425823e+00 -1.348515023070426810e+00
1.498039435768248051e+00 1.819637896540812649e+00 1.579210059601615646e+00 1.381969797333976624e+00 1.338057891610740624e+00 1.306978063879761454e+00 1.244352668671832918e+00 1.195884373947581514e+00 1.149170248096590408e+00 1.111682069230069070e+00 1.074037315808823223e+00
7.856138441013903462e-01 9.995431034830862815e-01 9.113366443266740502e-01 8.473393785589085070e-01 8.277605699804229111e-01 8.145852283327698062e-01 7.819516321049627683e-01 7.729804782546101372e-01 7.550562566772912598e-01 7.367185533982384404e-01 7.152999685625350823e-01
6.065407421046143943e-01 7.453924535591267553e-01 6.855919473407418030e-01 6.471288633857977812e-01 6.324931665953342774e-01 6.289000853458956986e-01 6.089945994440684185e-01 6.061513106420555186e-01 5.942504782573850841e-01 5.846778022766756511e-01 5.746400339045799610e-01
4.762148618231065722e-01 6.147666928951056597e-01 5.746612180884378418e-01 5.401159760658389430e-01 5.195949252415750230e-01 5.224115426678251906e-01 5.038691449251059273e-01 5.030981686824964605e-01 4.949675644301247956e-01 4.909483818755185358e-01 4.830831388451993780e-01
3.862255633307464797e-01 5.259886243007042550e-01 4.886343558279503951e-01 4.608334706638380074e-01 4.426898365805186919e-01 4.454275072469482954e-01 4.281516242393245686e-01 4.330082336380484676e-01 4.280834573252622621e-01 4.257139205875032362e-01 4.171690018883821849e-01
3.396810132802536297e-01 4.552670012689615242e-01 4.108646676220351623e-01 3.919060023299454909e-01 3.764213282173471953e-01 3.786811270920234507e-01 3.608959049571372479e-01 3.667719995518427534e-01 3.617367798684222868e-01 3.612733372140966570e-01 3.552425442290942370e-01
2.786129765912671030e-01 3.816104452758297683e-01 3.476496096532545876e-01 3.297205758725971769e-01 3.138389141415696137e-01 3.118014899909926085e-01 2.921429423468754893e-01 3.004816579092168816e-01 2.942460159525899233e-01 2.935179342307260852e-01 2.835257481342193797e-01
2.086340018693998433e-01 2.845984842152565197e-01 2.639730543806548813e-01 2.444837633577431890e-01 2.272965619498976131e-01 2.208455803175615462e-01 1.997147463275388835e-01 2.001042257062609631e-01 1.885204387285454031e-01 1.831763456084520014e-01 1.676290321804339289e-01
1.079397356332435082e-01 1.793792504130189980e-01 1.698446923208802029e-01 1.520255800354844145e-01 1.371600850089362278e-01 1.195178074894381881e-01 9.370642897524340820e-02 8.151465855759545964e-02 6.147712530594230673e-02 5.288312810641666167e-02 2.436095370875353966e-02
