# parameter guess for each density bin at kmax=[0.01599931 0.025733   0.03563564 0.04540391 0.05524662 0.06520112
#  0.07517733 0.08514905 0.09515436 0.10512778 0.11513519]
-3.840317516747919768e-01 -2.174456672936099788e-01 -1.327870180475030137e+00 -7.838366077888877514e-01 -1.194242212334349906e+00 -1.589504270641278749e+00 -1.657880305855907288e+00 -1.485835851171327215e+00 -1.231093788971149294e+00 -1.779739551013591825e+00 -1.223015648749387951e+00
-7.014209346512968457e-01 9.714319588159274765e-01 1.799265258262493061e+00 1.531268409420942778e+00 1.398427553458045036e+00 1.130204843138355786e+00 1.023901320954720751e+00 9.887759890170955135e-01 8.702173178813314980e-01 8.788510113355501030e-01 8.639466338068324536e-01
1.000000204296094486e+00 1.890242051479138929e+00 1.617757798334422681e+00 8.651407022661468105e-01 8.762888040025185177e-01 8.247808139460729437e-01 8.139857702862713928e-01 7.963218237377815978e-01 7.602947603273435551e-01 7.567325968765841182e-01 7.658566756368446748e-01
9.924782755159481384e-01 9.274819843049539880e-01 1.090128735656617609e+00 9.622034218011786821e-01 6.259228712177657972e-01 6.380252739065581657e-01 6.266647192388583587e-01 6.242626864933107367e-01 6.165907556015023383e-01 6.094170034294853489e-01 6.098497858469945632e-01
1.523665610307221585e-01 6.992961471344979474e-01 7.575012914101694195e-01 5.553194511657119081e-01 7.972333619794919057e-01 5.204286549320689126e-01 4.993408206476619426e-01 5.221840026179019878e-01 5.227014173397686037e-01 5.136430577096535721e-01 5.138931084891886769e-01
5.655387848625352820e-01 4.665219205603571839e-01 6.322608372631168816e-01 4.839251335264818654e-01 4.316209198556844595e-01 4.779935702407367981e-01 4.438829811556059268e-01 4.421010846970097607e-01 4.476525406102541127e-01 4.426123247204987732e-01 4.484073969317333708e-01
9.999999993220176631e-01 1.000000141453859070e+00 5.806851096889932284e-01 7.334628125382484098e-01 3.815803133905300015e-01 3.862143426887141850e-01 3.692660002098265837e-01 3.798750328308603263e-01 3.796241299055125307e-01 3.799134385281532356e-01 3.843934632301484466e-01
1.000000000000000000e+00 1.000000000000000000e+00 3.016421823363334975e-01 3.196786309541583271e-01 6.501877925583452456e-01 3.218651717863156292e-01 3.024561387796769196e-01 3.097475140120969916e-01 3.166356712263576068e-01 3.124744165236573723e-01 3.183769533278852926e-01
1.000000000000000000e+00 9.999997160494061843e-01 2.790183646513497151e-01 2.450299785416939213e-01 9.204677127359053301e-01 2.262596929572376070e-01 2.133665770618749236e-01 2.161656740876890248e-01 2.062576129268179626e-01 1.969163609338230037e-01 1.974407218866626457e-01
9.999999864939769223e-01 9.999995125695263498e-01 5.103205181384433686e-01 1.840101823695439731e-01 4.554127997770349157e-01 8.857538588744595653e-01 9.762429610962780613e-02 8.973711137421948314e-02 7.749354499920363404e-02 6.958595206437513669e-02 4.297282225245262904e-02
