# parameter guesses for each density bin at kmax=[0.01599931 0.025733   0.03563564 0.04540391 0.05524662 0.06520112
#  0.07517733 0.08514905 0.09515436 0.10512778 0.11513519 0.12514102
#  0.13509397 0.14508488 0.1550672  0.16506404 0.17508448 0.18509575
#  0.19509705 0.20496111 0.21492433]
7.117962843576421137e-14 4.489641045717204099e-02 5.961228418042055499e-02 2.021660870185650605e-01 7.660266128683084208e-01 7.430526286987831908e-01 1.675769134228640267e+00 2.540456654547079918e+00 3.497406014940089403e+00 5.100993812225357971e+00 6.974516721028935606e+00 1.162408376441555014e+01 5.992840234258604681e+00 7.779461616104335064e+00 9.385838603217720788e+00 3.044943796166931449e+01 4.060555881967150071e+01 2.531321411177253822e+01 3.401521920314382896e+01 4.448265064744735042e+01 5.988415481232802051e+01
3.763755012236062396e-12 4.610512279961093696e-01 8.982616957267839375e-01 2.556451105353489073e+00 3.357998890565673911e+00 5.568154878145667119e+00 4.114113455294562627e+00 6.708415545024267068e+00 1.305715963624804310e+01 2.175850467508615083e+01 2.293338592821186950e+01 2.692877125912505321e+01 3.760116372205505542e+01 4.147470595916293945e+01 4.400809790801097421e+01 5.236311240087162844e+01 7.006803450438528102e+01 8.087964896516321289e+01 7.632889767306598117e+01 8.431764287033989547e+01 8.300940598020380889e+01
5.682065293243573362e-13 5.888397568788487080e-01 5.471394618440114099e-01 6.738023830139464598e-01 6.727324397127224520e-01 8.307549004276013616e-01 1.038729676413558067e+00 1.374188029497191321e+00 2.452975009670759654e+00 4.079339195645887095e+00 5.367913264136586982e+00 5.091018550491404504e+00 5.578367674800907672e+00 7.136961032627296753e+00 7.335467762487651200e+00 1.093812894572985783e+01 1.244607007656965969e+01 1.370017527072878316e+01 1.537540675758070208e+01 1.073870826799442035e+01 1.667144772814690512e+01
5.657724630251549200e-14 3.135956588797670919e-01 2.893997677721384942e-01 4.216051655001763487e-01 4.171553190945307965e-01 5.316419259067958203e-01 5.730775787047927006e-01 6.518545509470869970e-01 8.543508787854373621e-01 2.981398294267232352e+00 2.398256020592195448e+00 2.148201954706570049e+00 2.623054027467689675e+00 2.240569420796670208e+00 2.612277008254758837e+00 4.193302997221607598e+00 4.001655483144015868e+00 5.251710241752511443e+00 4.036453972385600331e+00 4.171641158129546945e+00 7.793008771338026719e+00
2.582821650355385120e-14 3.794864057332690832e-01 3.122615069852904268e-01 3.372623450936347300e-01 3.196452589797629806e-01 6.339971775275458077e-01 4.862697113175624142e-01 6.585252736136900653e-01 9.581209058049460214e-01 1.293088647988259066e+00 1.622424553576110640e+01 1.687154505625767298e+00 1.475854564739525809e+00 1.984206276936900881e+00 2.382340863507545592e+00 3.859937120922374731e+00 3.757740430423492040e+00 3.035482401752009007e+00 4.287387872391483334e+00 3.581791502594869669e+00 7.599390489011611294e+00
3.392904860738555683e-14 4.102717249174547831e-01 3.341531344713304374e-01 3.148166987374839132e-01 2.963999164271765574e-01 4.338388169850352361e-01 4.422805738725340552e-01 1.957381702491052700e+00 1.311967050224146503e+00 1.321725890227139155e+00 2.874036571676436225e+00 2.292068248685231069e+00 2.870801236948512525e+00 1.764707538628219163e+00 2.967113933244839075e+00 4.827535294521259956e+00 7.463771171730646969e+00 4.150224163506860187e+00 4.170771501378396806e+00 4.464535607311259646e+00 8.120560588670656443e+00
1.198634586221821964e-14 3.291253470815450055e-01 3.218570236555855502e-01 2.653875564767224082e-01 2.587724424566792414e-01 3.498314313336323145e-01 3.868973212410096174e-01 8.835265009733529462e-01 1.177870448732077469e+00 1.521769683170483001e+00 1.839420716632743646e+00 1.230595386336385433e+00 1.722641263020106006e+00 2.100201860819194799e+00 2.935587845745351032e+00 4.726813065348151710e+00 6.888806946382104890e+00 6.165044130469719441e+00 6.232874434151781884e+00 6.815915257846570263e+00 1.242149291346379592e+01
5.117998761206562128e-15 2.823617473852368387e-01 2.880734034968820412e-01 2.386144428997092060e-01 1.971201203430385518e-01 3.069672962065098099e-01 2.782968755622534651e-01 1.121253000355066698e+00 1.348357097863897680e+00 1.384080419364700942e+00 2.013029973777422654e+00 2.493888253620621498e+00 2.289206058401135557e+00 3.479063268357318606e+00 5.403481657490171841e+00 8.787343223727598129e+00 1.151023354803487386e+01 1.403976670435637608e+01 1.463489208031081468e+01 1.647620075604791978e+01 2.347908951990544679e+01
5.834143562565128677e-15 1.836685833358217279e-01 2.434642486058266331e-01 2.253905424870214225e-01 2.182157939295926719e-01 1.971708793778412239e-01 3.259647477787552816e-01 8.993961201050972853e-01 2.176268326252730034e+00 3.258345449268648331e+00 5.417375513627002981e+00 6.331714677777291911e+00 8.952293206180261365e+00 1.210978164423873515e+01 1.979553052093419652e+01 3.026460669228291778e+01 3.830282870915182514e+01 4.657805025909371466e+01 5.514476202197435839e+01 6.134261075546756814e+01 7.001654114137448914e+01
1.694096022797613340e-15 1.932887705560330238e-01 3.403946313111992361e-01 5.137811076145554212e-01 6.300095712351478916e-01 8.520666762925716009e-01 1.724523098511904218e+00 4.027917578845536362e+00 1.040797970356747904e+01 1.880133704873507483e+01 3.007107467892996411e+01 3.595981250685450448e+01 4.882277682555824327e+01 5.983820117415940132e+01 7.926400925054379343e+01 1.020124439847052145e+02 1.194566596990584344e+02 1.376216594492569243e+02 1.546951314038585963e+02 1.589809174899183404e+02 1.593762705428983111e+02
