# parameter guess for each density bin at kmax=[0.01599931 0.025733   0.03563564 0.04540391 0.05524662 0.06520112
#  0.07517733 0.08514905 0.09515436 0.10512778 0.11513519]
2.562417153423247385e+00 2.382308616525906864e+00 2.610894420933622229e+00 2.664638301024710554e+00 3.886485343581357110e+00 3.137219029801944004e+00 3.466783286975258171e+00 3.713061945402834851e+00 3.060108302342322339e+00 3.252584578721972264e+00 2.773862169424842428e+00
1.532119527784550295e+00 2.917592712726542192e+00 3.656533790361012226e+00 3.474777969816230438e+00 3.396227870379323832e+00 3.266198001605862267e+00 3.186499569482248440e+00 3.111433192522096824e+00 3.085374905524402411e+00 3.080061009678000339e+00 3.075411314680307484e+00
3.000000101920781592e+00 3.489633789281020970e+00 3.536089976053052641e+00 2.839498406937037256e+00 2.915626180006939627e+00 3.264304397484552478e+00 3.067733018739620565e+00 3.040259829448286322e+00 3.027492947677710156e+00 3.023915923178163823e+00 3.032123832664238794e+00
3.003338384290554774e+00 3.108707391876821990e+00 3.342745006676294484e+00 3.216761680484025110e+00 2.957162525975293832e+00 3.001519516235665375e+00 3.057659617367794791e+00 2.980282252469325766e+00 3.045453066929645569e+00 2.935298404626859980e+00 3.230859718807222336e+00
2.577005952198862193e+00 2.877755712142908262e+00 3.018071210703870300e+00 2.924184750595460791e+00 2.967862956866227808e+00 1.501427536605471680e+00 2.658658889608998876e+00 3.178163933661511287e+00 3.122640721754736504e+00 2.927072672432501133e+00 3.131370319067797947e+00
2.813167814581271742e+00 3.081485886350635806e+00 2.581398974561397441e+00 2.672725895053391199e+00 2.666886961363410968e+00 3.432629768074526577e+00 3.024014219514651547e+00 2.832265716871701589e+00 2.902800441749358917e+00 2.650337160427310046e+00 3.256767474462293421e+00
2.999999999667146700e+00 2.999999631805281730e+00 3.242721885606737686e+00 2.772043844667853030e+00 2.603804450370794665e+00 2.516681365473951715e+00 2.641030645631257556e+00 2.718286378119793234e+00 2.937327650666510248e+00 2.790605650121065207e+00 3.121066846344667134e+00
3.000000000000000000e+00 3.000000000000000000e+00 2.353820740250235133e+00 2.523924453103642662e+00 2.594658814990784101e+00 3.221033865447735955e+00 2.884201043990456625e+00 2.401931196926465173e+00 3.338469989643555458e+00 2.880286993020816588e+00 3.527928808100446290e+00
3.000000000000000000e+00 2.999999931378857898e+00 2.264083237261742543e+00 2.730239486617394462e+00 2.847678990477227945e+00 2.718081564932983252e+00 3.502463230117919935e+00 3.218377122676247648e+00 3.075374778391851471e+00 2.521617881984638654e+00 3.322761179517489616e+00
2.999999993251415198e+00 2.999999717769414875e+00 2.395823140316548194e+00 2.567900925356785269e+00 -1.705877396232096110e-01 2.882169377539358202e+00 1.950490445502275794e+00 2.491223176683073692e+00 3.069537201180034369e+00 2.838631245424874106e+00 2.813510663061199235e+00
