# parameter guesses for each density bin at kmax=[0.01599931 0.025733   0.03563564 0.04540391 0.05524662 0.06520112
#  0.07517733 0.08514905 0.09515436 0.10512778 0.11513519 0.12514102
#  0.13509397 0.14508488 0.1550672  0.16506404 0.17508448 0.18509575
#  0.19509705 0.20496111 0.21492433]
3.388935391631186511e-01 3.465158185066784524e-01 3.441204441291224603e-01 3.434523295198932957e-01 3.387528551745283001e-01 3.366172526365772688e-01 3.341064824571340353e-01 3.299709536866594628e-01 3.272597128030729219e-01 3.246226522713274720e-01 3.205767035101670936e-01 3.155331694471279480e-01 3.098221154306371461e-01 3.036812930019778256e-01 2.979790950623116830e-01 2.916534020078464517e-01 2.847219879600089154e-01 2.747431465923806937e-01 2.677218879501906956e-01 2.601762018690252920e-01 2.523184911922592422e-01
3.258066460651917740e-01 3.089780376727172539e-01 3.275662651984003193e-01 3.461872073692331409e-01 3.524457273922330658e-01 3.581495710333660321e-01 3.646989905170642254e-01 3.722334377569102015e-01 3.793049547045635461e-01 3.872722772742084874e-01 3.942824849146489008e-01 4.000104247501515276e-01 4.055786138142199460e-01 4.121569066736271991e-01 4.188406174864264808e-01 4.237971904412248247e-01 4.297993875698148947e-01 4.346763798491510844e-01 4.379301266491670286e-01 4.423792477835904458e-01 4.477653621144501161e-01
6.013205889103403479e-01 5.813129453380577738e-01 5.933130167272343547e-01 6.038916577591914026e-01 6.069539094282683234e-01 6.110815415174770671e-01 6.151177098639196705e-01 6.179302494596364825e-01 6.225753787359401548e-01 6.287577931142528387e-01 6.336676617138833345e-01 6.353307020947297490e-01 6.374304264267240949e-01 6.399993219892831098e-01 6.432757544407112782e-01 6.467019400218548819e-01 6.500767183978414243e-01 6.516245205812891683e-01 6.517401451769977427e-01 6.544928311586103442e-01 6.599623273111713262e-01
8.086530884775151584e-01 7.863542596471437829e-01 7.951765349834284402e-01 8.055267087230794099e-01 8.053916959749853888e-01 8.073434666849406138e-01 8.090567889363291521e-01 8.100323157344783143e-01 8.136013507426156366e-01 8.186304614832727866e-01 8.212600890110590690e-01 8.214544167314816736e-01 8.228957478998900621e-01 8.238864405851119566e-01 8.265998370647080762e-01 8.290593718135720325e-01 8.308876671840650374e-01 8.316982827867228645e-01 8.308665766501639460e-01 8.323566148788441588e-01 8.370918447424990916e-01
9.922793808764246437e-01 9.644851135052395774e-01 9.708484361852166566e-01 9.803675417176120899e-01 9.818844044943827454e-01 9.813988319408278871e-01 9.831739275167651337e-01 9.827061036734717758e-01 9.860977197583149501e-01 9.894713506698313843e-01 9.918368404165157637e-01 9.911784969635921705e-01 9.915012284870733383e-01 9.924116514617933316e-01 9.948236086196132755e-01 9.975203073141639676e-01 9.995257214861718031e-01 9.997628859745818497e-01 9.992027566077508194e-01 1.000471134449749222e+00 1.006027409411524687e+00
1.181424966737901983e+00 1.137153919908611144e+00 1.146410371709021714e+00 1.154609282823881200e+00 1.155495208674440111e+00 1.153765576799782533e+00 1.154556861175150217e+00 1.152956968361650958e+00 1.155504580769375567e+00 1.159043382286545798e+00 1.162410845884727317e+00 1.161594825079428128e+00 1.162358084951018666e+00 1.164313566672192435e+00 1.168259756030099350e+00 1.171444968268362974e+00 1.174506908726495436e+00 1.175504526399120397e+00 1.174988374951622783e+00 1.177047454095127899e+00 1.183228125920081419e+00
1.360604959502115685e+00 1.324962635160034097e+00 1.344403819131378741e+00 1.347235525667469513e+00 1.347415664298154736e+00 1.344977128978931624e+00 1.346539554609899492e+00 1.344877394379433211e+00 1.348932168990932157e+00 1.352509180418146162e+00 1.355217200716973824e+00 1.354904517414308840e+00 1.357750993606017254e+00 1.361790424540172184e+00 1.368015070228593588e+00 1.373399051721232444e+00 1.378297834704016012e+00 1.381829027488467698e+00 1.382713254815914228e+00 1.385674498508691732e+00 1.394112822724334455e+00
1.617590493810819652e+00 1.575074625736387901e+00 1.596573437083076863e+00 1.600944081677527331e+00 1.601408551503940014e+00 1.598754342750321911e+00 1.603802853727014810e+00 1.602202524456993515e+00 1.609478858966680415e+00 1.614256049617109889e+00 1.621194450376547636e+00 1.623263231496678394e+00 1.628937576316024094e+00 1.637111912753167031e+00 1.647634008543091388e+00 1.657492477101685679e+00 1.666115312818129190e+00 1.673020177305325484e+00 1.678835868636015194e+00 1.684797990054437200e+00 1.693622860244787365e+00
2.022844396391273225e+00 1.984875326704649501e+00 2.009831198491783599e+00 2.022029254881292371e+00 2.030522503891953434e+00 2.031636946984258785e+00 2.040698774281548111e+00 2.048140199624250979e+00 2.066206188616231287e+00 2.080469658569076952e+00 2.097416501697479063e+00 2.108389441005398712e+00 2.123508427622324835e+00 2.142492039356299394e+00 2.160656493766199393e+00 2.176630368157382645e+00 2.187205666227131307e+00 2.204549098021263198e+00 2.215539802547207948e+00 2.217827919007334891e+00 2.221118630884292511e+00
2.645488533768762807e+00 2.597615558527273105e+00 2.633690812780280499e+00 2.663847391844004875e+00 2.688952221098266371e+00 2.710494740443135431e+00 2.736935943711145125e+00 2.771707822745973715e+00 2.819805826575283891e+00 2.849456772783043768e+00 2.888931913129755724e+00 2.912957059929413450e+00 2.940965785971338509e+00 2.950895166700485461e+00 2.918385249012403815e+00 2.887667308857219339e+00 2.846903827760653538e+00 2.813861383725750898e+00 2.778746171857437997e+00 2.715959173134087745e+00 2.685339246101259736e+00
