# parameter guesses for each density bin at kmax=[0.01599931 0.025733   0.03563564 0.04540391 0.05524662 0.06520112
#  0.07517733 0.08514905 0.09515436 0.10512778 0.11513519 0.12514102
#  0.13509397 0.14508488 0.1550672  0.16506404 0.17508448 0.18509575
#  0.19509705 0.20496111 0.21492433]
3.389975007579676958e-01 3.466825399893712079e-01 3.444358622748066034e-01 3.437867189568194481e-01 3.394695164335760906e-01 3.377507637653434647e-01 3.354285766598992247e-01 3.316190308308178403e-01 3.291882289760931779e-01 3.268171856500721728e-01 3.298542812054647277e-01 3.268965877231388983e-01 3.247859502765546025e-01 3.232465226985065665e-01 3.222261261630722240e-01 3.214979759892483413e-01 3.220080081969052821e-01 3.220527809403163633e-01 3.214001593929355360e-01 3.197501519022259986e-01 3.213316966422718468e-01
3.254230915424764503e-01 3.079315317648451678e-01 3.255356041512305620e-01 3.429317386712255611e-01 3.490180730307939072e-01 3.544617832920517464e-01 3.594727350944829647e-01 3.684698923092326606e-01 3.763614637902933380e-01 3.591072796459810479e-01 3.903326156242468148e-01 3.948882487528416196e-01 4.007548596504745819e-01 4.073802588732748919e-01 4.171840326492391449e-01 4.291969853955397429e-01 4.242451645636290958e-01 4.284493862110530515e-01 4.359361726843818952e-01 4.389356324475936488e-01 4.445162035187441019e-01
6.009843775041096015e-01 5.810119117674574785e-01 5.914603816895467325e-01 6.005785804115343351e-01 6.049011706546897349e-01 6.087524697378124960e-01 6.144629396167071711e-01 6.167388747230083679e-01 6.199931437996031303e-01 6.432034618479217647e-01 6.310688939038084921e-01 6.356049994096850675e-01 6.350631447497906423e-01 6.366088830511134056e-01 6.664611165023837103e-01 6.488655903695872418e-01 6.468044848570912997e-01 6.464391050346132150e-01 6.476754640247290862e-01 6.493529419794979995e-01 6.556335439765824669e-01
8.083154549439611758e-01 7.854994615960855242e-01 7.932193871273756081e-01 8.021785486098098605e-01 8.018616981749533412e-01 8.061021963062217077e-01 8.067736815216890456e-01 8.088388386548160947e-01 8.121360209493073690e-01 8.173290626356061184e-01 8.232237504543664652e-01 8.198931865093055382e-01 8.208769932422148585e-01 8.232191294947852622e-01 8.233761794909588705e-01 8.262053139079450492e-01 8.287924341259054195e-01 8.271531218673481289e-01 8.264825406741062030e-01 8.273238471064298105e-01 8.317603738812652248e-01
9.919606717595500500e-01 9.637659004774640215e-01 9.689470559030554098e-01 9.769603435865431562e-01 9.784274374616127590e-01 9.789488762194282767e-01 9.800705528489960239e-01 9.791901730174228380e-01 9.831374126713736672e-01 9.884257443661689235e-01 9.899987676804278269e-01 9.895797410585384091e-01 9.901998764725080671e-01 9.886267614973044404e-01 9.926170540769811979e-01 9.954961938732591609e-01 9.974198162535137246e-01 9.965204896584607397e-01 9.952921557088773019e-01 9.963270404489863452e-01 1.002033631167579486e+00
1.181121319141656079e+00 1.136346169057936839e+00 1.144414088691665166e+00 1.151293626591609165e+00 1.152227908646920040e+00 1.152228117472116953e+00 1.151023548121036244e+00 1.150290854344715452e+00 1.154259311490711815e+00 1.156837454814571009e+00 1.161454258533892281e+00 1.158991264459295012e+00 1.160166221717360058e+00 1.161729263550013602e+00 1.164880694405989070e+00 1.167905946553066787e+00 1.173895812289967866e+00 1.172796338004955974e+00 1.171745114512919406e+00 1.172781964169319568e+00 1.179685120672617105e+00
1.360300585384771832e+00 1.324091628760186934e+00 1.342422376329591716e+00 1.343955169638645364e+00 1.344155493119611577e+00 1.342334143840812510e+00 1.343733778116974253e+00 1.340221740801461614e+00 1.345554266179269431e+00 1.352661129494002301e+00 1.353922446420922299e+00 1.350990366923596975e+00 1.355869485688445675e+00 1.362672013166104090e+00 1.362899853920499504e+00 1.373640971390172494e+00 1.376991977836264702e+00 1.380281493187768715e+00 1.379631654879806879e+00 1.384719851574519378e+00 1.389774931734337082e+00
1.617296548044723670e+00 1.574215980942659465e+00 1.594592723545990243e+00 1.597759298958629781e+00 1.599164452900423639e+00 1.597319911452916408e+00 1.601014719859233271e+00 1.595260918443482501e+00 1.607859744459569917e+00 1.613730346380844560e+00 1.622418808854668937e+00 1.620011172281933698e+00 1.632321266269133764e+00 1.636044362018352682e+00 1.647688321507997822e+00 1.657114009259234688e+00 1.664235007134865274e+00 1.671202506393898002e+00 1.677638685004890329e+00 1.684151188550497835e+00 1.694315437103951938e+00
2.022571558811302239e+00 1.984050446511868238e+00 2.007971138349512241e+00 2.021677233670803098e+00 2.028941108376141944e+00 2.030692495797477015e+00 2.038560693431919812e+00 2.047400761022529103e+00 2.065075762665310233e+00 2.079809925013526684e+00 2.105986869429610220e+00 2.108223705341513821e+00 2.123271673073134913e+00 2.143057124050848472e+00 2.162712786166389733e+00 2.181299750890757227e+00 2.194990013509097615e+00 2.216047514114035444e+00 2.233898564244817919e+00 2.244764270637515935e+00 2.255841471468587045e+00
2.645299615481666589e+00 2.596938381117181116e+00 2.632369323239967418e+00 2.665041729188635689e+00 2.687921636309931639e+00 2.709999572583155825e+00 2.735614851142240678e+00 2.770579825484255743e+00 2.820183054409474366e+00 2.842539563651799828e+00 2.889031296979452268e+00 2.914810765535630122e+00 2.949440843283086089e+00 2.966785236407525783e+00 2.947395362247291040e+00 2.927536006270734070e+00 2.901754504044610883e+00 2.895305789696247523e+00 2.897472176229197949e+00 2.868511372200984511e+00 2.856293888841264117e+00
