# parameter guesses for each density bin at kmax=[0.01599931 0.025733   0.03563564 0.04540391 0.05524662 0.06520112
#  0.07517733 0.08514905 0.09515436 0.10512778 0.11513519 0.12514102
#  0.13509397 0.14508488 0.1550672  0.16506404 0.17508448 0.18509575
#  0.19509705 0.20496111 0.21492433]
-9.874151547250523686e-01 -1.029087629449576990e+00 -1.017410041089615413e+00 -1.041325426090266459e+00 -1.047850927591992720e+00 -1.044629206089205509e+00 -1.055083846629917499e+00 -1.048076628461709570e+00 -1.052349674935343815e+00 -1.056279798166390504e+00 -9.496063176923963400e-01 -9.271337977338534042e-01 -8.996376803920070886e-01 -8.740438005372416219e-01 -8.502634700358823183e-01 -8.294026909843595918e-01 -8.011144273789514436e-01 -7.600086792161023785e-01 -7.334517271140873484e-01 -7.053454646695102026e-01 -6.858640187902100838e-01
1.648135100356750815e+00 2.022906320746696629e+00 1.798912886295483737e+00 1.604853830112509039e+00 1.590487392768465069e+00 1.602825446360073514e+00 1.583345756330216014e+00 1.420225115887763900e+00 1.376963423560606525e+00 1.636596040757958503e+00 1.321118096462983171e+00 1.240423413461076763e+00 1.290138674154384324e+00 1.217301467948433080e+00 1.111071255950837111e+00 1.143152943189262194e+00 1.147995909180360430e+00 1.086395518526376947e+00 9.745591974707406013e-01 1.044599656516926656e+00 1.023036132637553663e+00
8.685623018773442894e-01 1.103077179007841968e+00 1.038340622950598258e+00 9.922681856181494453e-01 9.556192215882435281e-01 9.572327730053156181e-01 9.033358859374129857e-01 8.792363324813030623e-01 8.946760268803102267e-01 7.262824606424120866e-01 8.593617238460534713e-01 8.209161031520703089e-01 8.311746377905337990e-01 8.316117957636266489e-01 5.787911842558191022e-01 7.274888820054046246e-01 7.963991762116621187e-01 8.026327297737244626e-01 8.296727478110539344e-01 8.347178326762397793e-01 7.525387820866753508e-01
6.700737807456896844e-01 8.285272969065184956e-01 7.867571301487916724e-01 7.644719264708272899e-01 7.753709543051906516e-01 7.054259290744985256e-01 7.228487039174865680e-01 6.828731817072196675e-01 6.813809451277592633e-01 6.751655556872844244e-01 6.366025397725774138e-01 6.518841965746714484e-01 6.582236229763869240e-01 6.092813911958617767e-01 6.575046224906839765e-01 6.411998688503564026e-01 6.129147600158011411e-01 6.519127867643265128e-01 6.401122586694123484e-01 6.436251011799272170e-01 6.397349015690010354e-01
5.289956187909778951e-01 6.841766518325677060e-01 6.615524066919896695e-01 6.428596093722558358e-01 6.452348439552130221e-01 6.353727224711550603e-01 6.232169375887552931e-01 6.131932161658311120e-01 5.997457609566778647e-01 5.589276007803055668e-01 5.761101736879430391e-01 5.588824211626968186e-01 5.369811509373269010e-01 6.047933791082017452e-01 5.414557373403331431e-01 5.314148422279869610e-01 5.185519080348136578e-01 5.350000041531107753e-01 5.351073132467671911e-01 5.296350288671800577e-01 5.225775176214118023e-01
4.316066381704421473e-01 5.872617180454628993e-01 5.657672428935169862e-01 5.527363809299146169e-01 5.566000425739177082e-01 5.272384666819177612e-01 5.479866073941620508e-01 5.214493665489398078e-01 4.907324629818159978e-01 5.226859655290493345e-01 4.866667940414107774e-01 5.212884676830399355e-01 4.882624470387832982e-01 4.908686450273659907e-01 4.721952391331418197e-01 4.780484998066005797e-01 4.235365070034578516e-01 4.412236441898442774e-01 4.591631291809276094e-01 4.629671034122264661e-01 4.362617356677136460e-01
3.799654929336608866e-01 5.095562001879206937e-01 4.795733273888629355e-01 4.753162306608869625e-01 4.813865459849201445e-01 4.652486928475517147e-01 4.555328863232469550e-01 4.676683226897930812e-01 4.586105925780848969e-01 4.060545479870056318e-01 4.053474956881369939e-01 4.417192506926917450e-01 4.053351419745779283e-01 3.637979564593153969e-01 3.839286536453591636e-01 3.471988496688535597e-01 3.635245347327132337e-01 3.312154006414022023e-01 3.747089962543762587e-01 3.468927319847562862e-01 3.685350301655530569e-01
3.133373065332759055e-01 4.289808867958709859e-01 4.086779571581810044e-01 4.044176920349836779e-01 3.946704762932535804e-01 3.747928916257853293e-01 3.815570672489279058e-01 3.375612616260215693e-01 3.477936141350400079e-01 3.263905156937045304e-01 3.123073715117904436e-01 3.515933476981633055e-01 3.364559981121136301e-01 3.012626699619372905e-01 2.724615427074419394e-01 2.721439449380561593e-01 2.792801082591896411e-01 2.692958607284904882e-01 2.578899321484545704e-01 2.547023634720487206e-01 2.439992289869031827e-01
2.371395804779629912e-01 3.235881854809899427e-01 3.127105298616359996e-01 2.885699945652424048e-01 2.762683143927666674e-01 2.674782708213447879e-01 2.700948329812740134e-01 2.201867624266468371e-01 2.163124350276946772e-01 2.099731150993216500e-01 1.443136095566585064e-01 1.836324815367245677e-01 1.840010345066174224e-01 1.684321698007495149e-01 1.404613623272267520e-01 1.142292628066180343e-01 9.845332395220282584e-02 9.670419155855383697e-02 1.002651858873964963e-01 9.377657163982916488e-02 7.152514556838755755e-02
1.299714156426795830e-01 2.101672852386919088e-01 2.012201453328670009e-01 1.624572052904293684e-01 1.641497426848838315e-01 1.440641987073986163e-01 1.286664717904066058e-01 9.477979006772496717e-02 6.340325773430129097e-02 4.390775932857598346e-02 2.075983151093909254e-02 5.504020124059262956e-03 2.595614724404440073e-03 -6.812766132325466170e-03 -1.341876357920384830e-02 -2.884389384953558316e-02 -2.738716961893282453e-02 -1.337036716848208004e-02 2.869751672364667227e-03 7.939211319586100477e-03 -1.499884597099179241e-02
