# parameter guesses for each density bin at kmax=[0.01599931 0.025733   0.03563564 0.04540391 0.05524662 0.06520112
#  0.07517733 0.08514905 0.09515436 0.10512778 0.11513519 0.12514102
#  0.13509397 0.14508488 0.1550672  0.16506404 0.17508448 0.18509575
#  0.19509705 0.20496111 0.21492433]
-9.898578524177189530e-01 -1.034574931345255688e+00 -1.027551232946226634e+00 -1.057663647192474743e+00 -1.069447719235977479e+00 -1.071672503308699786e+00 -1.090612294908539726e+00 -1.093675812699432814e+00 -1.107909411705192637e+00 -1.123301982007443245e+00 -1.130474334444359297e+00 -1.127220120891169408e+00 -1.123773226058681463e+00 -1.114377494691458415e+00 -1.110169632784443694e+00 -1.102075593731764336e+00 -1.083288615747648453e+00 -1.035649907162118577e+00 -1.030621263963448886e+00 -1.022163310459937913e+00 -1.024124479505589935e+00
1.630173310071359127e+00 1.977928266587655637e+00 1.720521498463589483e+00 1.495738049380626267e+00 1.449008504466867686e+00 1.418846795749017620e+00 1.352978005944270867e+00 1.301769496252665581e+00 1.249557973113253340e+00 1.205382628363033115e+00 1.164240734706556646e+00 1.124351691599923431e+00 1.073464127585562311e+00 1.031684944225600642e+00 9.875610083278166806e-01 9.583696554024773162e-01 9.249503948999430181e-01 8.893742694896867862e-01 8.549562070627645394e-01 8.177467100281533563e-01 7.774556446833512657e-01
8.567285237345323434e-01 1.079962184281638926e+00 9.865175371128370729e-01 9.152188594975370073e-01 8.933815936628122234e-01 8.791352774022679339e-01 8.446475824967788482e-01 8.350299163018247706e-01 8.157780469965421055e-01 7.961822802705753599e-01 7.724186197319681257e-01 7.574551636082743622e-01 7.355690796362023276e-01 7.224016954289065318e-01 7.066724866467175570e-01 6.939870373838754603e-01 6.788279869828642843e-01 6.640674772546041327e-01 6.503527562737201340e-01 6.293960361715021934e-01 5.972217577801038901e-01
6.596105176326817476e-01 8.050562609955694837e-01 7.413539396479982280e-01 6.981031287373598015e-01 6.822100498053293993e-01 6.782060152909480388e-01 6.564918422669479003e-01 6.529813959526463707e-01 6.400435639755919226e-01 6.295016525579245625e-01 6.176756166882617638e-01 6.083745097280949254e-01 5.913652518102001654e-01 5.844410704717855065e-01 5.747636770903439274e-01 5.651143580401170041e-01 5.567351391639823177e-01 5.453274600444771858e-01 5.347569024643393787e-01 5.206035858524101778e-01 4.968189468324127334e-01
5.194604048058493184e-01 6.632774104326617515e-01 6.202360902070442883e-01 5.816137836444257303e-01 5.597437434489204167e-01 5.620156228625821093e-01 5.419614314768518293e-01 5.407943604496873169e-01 5.318751030412876002e-01 5.274764915589047476e-01 5.179261660474989704e-01 5.101190468114802368e-01 4.979545990333316130e-01 4.924415578614788069e-01 4.846978310582691352e-01 4.787379288048505543e-01 4.722349539882922387e-01 4.635861634344830562e-01 4.549495658277489807e-01 4.429112896148520440e-01 4.228037518164461939e-01
4.226904234135291927e-01 5.668971000913729519e-01 5.267658970427816501e-01 4.957900576221976885e-01 4.762385186011581228e-01 4.782664903109563603e-01 4.596470711549675570e-01 4.641750788313002696e-01 4.581481809474485245e-01 4.551492975782321371e-01 4.447437648178459990e-01 4.381756807916627472e-01 4.266455490432982667e-01 4.191569339757136303e-01 4.107409069417154446e-01 4.051981124273548729e-01 3.981330460031397012e-01 3.899945978137640545e-01 3.816787746463204400e-01 3.695807512521007698e-01 3.516034048820557145e-01
3.713733009968667176e-01 4.904118808276215491e-01 4.429920811356667376e-01 4.216140231465979604e-01 4.046375673859574640e-01 4.056776207787877730e-01 3.865331014008758781e-01 3.919224629352263678e-01 3.856416377579405808e-01 3.843032346016077017e-01 3.764799849170435975e-01 3.702395812766564043e-01 3.556253489510020627e-01 3.457175899940347907e-01 3.359621158756300741e-01 3.279561278863962204e-01 3.196687247836146883e-01 3.071964295067486361e-01 2.965700864689866934e-01 2.838877061070083641e-01 2.664727400626319964e-01
3.051515822569272895e-01 4.107397870949717200e-01 3.738323749749964398e-01 3.535401980898284502e-01 3.359687298639567055e-01 3.324474004212289446e-01 3.114971336892504161e-01 3.188225502090391017e-01 3.108847037111526213e-01 3.088063359810810926e-01 2.964821794226691343e-01 2.864278618373657381e-01 2.684847999015196329e-01 2.544954702545416669e-01 2.399172468824077586e-01 2.265914878850850411e-01 2.136713243323804245e-01 1.971740378681376971e-01 1.791129396879826419e-01 1.597552319661554587e-01 1.430373544061390167e-01
2.294098915258342697e-01 3.066742619630400402e-01 2.831340063496768922e-01 2.609933214103635768e-01 2.414926627815813520e-01 2.328151623240548029e-01 2.098050447266638363e-01 2.076232375646545059e-01 1.934849816999447691e-01 1.856855776281264025e-01 1.671181047602641467e-01 1.468251841721190110e-01 1.167977996522432810e-01 9.049498831857394343e-02 6.467791659841048979e-02 4.295843603672711702e-02 2.269213714791073686e-02 -7.330223667428332514e-03 -4.038512054915875671e-02 -6.575690034978792786e-02 -8.101323186159545275e-02
1.228635493892753922e-01 1.945996869539775020e-01 1.814078467027418484e-01 1.603011693197721743e-01 1.419783805476887983e-01 1.206571869461427193e-01 9.173843346535692778e-02 7.547830058909218987e-02 5.154548399537575015e-02 3.914253047626200382e-02 7.365064143925779440e-03 -2.523666704914773184e-02 -6.977603538828840157e-02 -9.732447453820849970e-02 -1.140136587032419130e-01 -1.272728267361148136e-01 -1.373486929273214363e-01 -1.591863516026861824e-01 -1.874652440054265234e-01 -1.912498272388033493e-01 -1.897716482874948207e-01
