# parameter guesses for each density bin at kmax=[0.01599931 0.025733   0.03563564 0.04540391 0.05524662 0.06520112
#  0.07517733 0.08514905 0.09515436 0.10512778 0.11513519 0.12514102
#  0.13509397 0.14508488 0.1550672  0.16506404 0.17508448 0.18509575
#  0.19509705 0.20496111 0.21492433]
4.369128381047645347e-11 3.498397706491920833e-02 3.746393296708824122e-02 2.569984635746797585e-01 8.368106739766083546e-01 8.053761989287721024e-01 1.662166086666958309e+00 2.310334430286593133e+00 3.049742895476028615e+00 4.478330626354379618e+00 2.373104257765399794e+00 4.886776503051170728e+00 7.055084249191697410e+00 9.215520646575644292e+00 1.095512448861976829e+01 1.439120472992595090e+01 2.023768859973014855e+01 2.859815323796508224e+01 3.772829207645876437e+01 4.811474782059892874e+01 6.346519523893252313e+01
2.997780245849491139e-12 4.658109613717361652e-01 9.064694943783339065e-01 2.577529678437725735e+00 3.261426243658107182e+00 5.341749693078154060e+00 6.592683055208515164e+00 6.937853878155447518e+00 1.087206199496246661e+01 3.359420131553831368e+01 2.658670392570400054e+01 2.685127668078753160e+01 3.657284308945754248e+01 4.061023192534049997e+01 4.402578062801084258e+01 7.560104486727077244e+01 7.644847330056241219e+01 7.273550709170658024e+01 6.695628876810256713e+01 8.167238378230722162e+01 9.620408399387144982e+01
1.330238085024236048e-11 5.928345832116821423e-01 5.614069292864442007e-01 7.111310322309747356e-01 6.836203831740207404e-01 1.138057882654887054e+00 1.043534417098284983e+00 1.292762153203080189e+00 2.442212578424814762e+00 8.225093158581453068e+00 6.328217665074555853e+00 5.645399175919254553e+00 5.530319179805083252e+00 6.299082217044686516e+00 2.523744204788464529e+01 8.707162796881519284e+00 1.250002105507632955e+01 1.223207600194717060e+01 1.500260439465152551e+01 1.618155449265639945e+01 1.825024894695557975e+01
5.780339435008161232e-14 3.209193090412422178e-01 2.971562530012528125e-01 4.534700947057606624e-01 4.323000693496300562e-01 4.704317908382557589e-01 5.308093252714376487e-01 6.823977116705488566e-01 9.123853955431058260e-01 2.410957819855269246e+00 2.727872200908025402e+00 2.079602319616683292e+00 2.345356283049047974e+00 2.876842746072223900e+00 3.420356305425636734e+00 3.955586236410145506e+00 3.749405150730602543e+00 4.859238049385061764e+00 4.407976627168396000e+00 4.606415702417323565e+00 8.544302001116673040e+00
2.411013891835540284e-14 3.832996091235134628e-01 3.154143651527498982e-01 3.583541426406617325e-01 3.292146566543998620e-01 6.168443128531110320e-01 4.990791238782969486e-01 7.869069455923382028e-01 1.079513339246206627e+00 1.392293010289176625e+00 1.847007657014456683e+00 1.455261492172762461e+00 1.796693098544679401e+00 3.086235680783572022e+00 2.175646902370091063e+00 3.275723365370466933e+00 3.366230571797999005e+00 3.762414764700977354e+00 3.914231807321432388e+00 3.977955601423222465e+00 7.691198531235732716e+00
1.276331279713071469e-14 4.029877051157454426e-01 3.347391974338969067e-01 3.285201097620598643e-01 3.001549338841685843e-01 4.098335870481281118e-01 4.649960677766664663e-01 9.042998584613224367e-01 8.564711873557628863e-01 2.410363794831155815e+00 1.654140471534585766e+00 2.545966863115070922e+00 1.597485009107871390e+00 1.934253885871551448e+00 2.768620587080912632e+00 4.704119306347963381e+00 3.953470341960370504e+00 4.059977782770872956e+00 4.672279987653356059e+00 4.999483022157162004e+00 8.916497988644582762e+00
7.152657362549140348e-15 3.278934640634400544e-01 3.441857210319162474e-01 2.846029598973653929e-01 2.688786774088510745e-01 3.966108526552645230e-01 3.697455172662444944e-01 1.270872401167519428e+00 1.709621623372587385e+00 2.185662284553148815e+00 1.415733207037625618e+00 2.099547282698756678e+00 1.632051610470812264e+00 2.349029873620791520e+00 3.682035773967992309e+00 5.632783753793683346e+00 6.589371097924514586e+00 6.738569238119057836e+00 7.301363862136690308e+00 7.407817106115206940e+00 1.373226807083941381e+01
6.354425567260470082e-15 2.797878734847188964e-01 3.129270481096672607e-01 2.624508184920220089e-01 2.155180861634029554e-01 2.575048752128982210e-01 2.934661612859994495e-01 9.667622145434708880e-01 1.367045239091826181e+00 1.545861383353593244e+00 1.940346382602439856e+00 2.616553644439846060e+00 2.862278718982213199e+00 3.488812696845677852e+00 6.246845982932146768e+00 9.776810514772323657e+00 1.309194978100991946e+01 1.364158052099186058e+01 1.504374877001098731e+01 1.692057657594473241e+01 2.303022941530003820e+01
4.022854277744958410e-14 1.829400047167813181e-01 2.636609617649132153e-01 2.456820215402122087e-01 2.425426984468870006e-01 2.185944861327816513e-01 3.593065793121010820e-01 1.036475669852594539e+00 2.243543308333174835e+00 3.696031980378955417e+00 7.438811072114498657e+00 6.100225560788788748e+00 8.888594933571020817e+00 1.267120705714359907e+01 2.072064628782615614e+01 3.092619007833265599e+01 3.886636651575152968e+01 4.634331366749203340e+01 5.443078067158162270e+01 6.019822430739151287e+01 6.769252496590142698e+01
2.262715122028333392e-13 1.880765934005585449e-01 3.568685777847786511e-01 4.694874061083622041e-01 6.990630523363959847e-01 8.909954700978098829e-01 1.781271554270615898e+00 4.175191728826479931e+00 1.055533332683775072e+01 1.735749004115314520e+01 2.844627714553335451e+01 3.552893560034819131e+01 4.846451993962426741e+01 6.003919134429133209e+01 7.957901367875888354e+01 1.014689259810037214e+02 1.189329584609795631e+02 1.359155729079452897e+02 1.541338103053589919e+02 1.584974191741118545e+02 1.593198444800594018e+02
