# parameter guesses for each density bin at kmax=[0.01599931 0.025733   0.03563564 0.04540391 0.05524662 0.06520112
#  0.07517733 0.08514905 0.09515436 0.10512778 0.11513519 0.12514102
#  0.13509397 0.14508488 0.1550672  0.16506404 0.17508448 0.18509575
#  0.19509705 0.20496111 0.21492433]
1.094584364390422523e-13 4.091366583539644136e-02 4.699392624242667432e-02 3.994543897168180147e-01 1.294071670953646613e+00 1.328529055276932214e+00 2.845081652189371813e+00 4.050310563506512196e+00 5.643906067497066914e+00 8.577172485025776894e+00 1.171277712854332265e+01 1.879109772926830857e+01 2.803175530184551079e+01 3.844426932675223441e+01 4.932752238966381242e+01 6.316981080144843474e+01 8.491522324385165632e+01 1.147466128821571232e+02 1.421551659117529312e+02 1.684833580623600540e+02 2.056595906012472312e+02
6.717613997977524799e-13 4.535390060125668032e-01 9.355514856979839644e-01 2.785244542600529893e+00 2.844562950813779967e+00 3.326937903212243697e+00 4.107123431846970263e+00 6.057982855248424947e+00 9.124274653959323800e+00 1.650972183897050272e+01 2.115626868250219417e+01 2.469083131800837450e+01 2.827982552583846854e+01 3.382360109653396307e+01 3.954433015142038244e+01 4.925336763977714583e+01 5.918657102336000264e+01 6.390457848924401674e+01 6.685044389792975039e+01 7.294829808168802288e+01 8.723867913809898766e+01
1.048176142075803180e-13 5.851376638140414199e-01 6.185258139271914146e-01 8.762534816321607689e-01 8.077069604627967747e-01 8.725512306838100196e-01 1.319051398802708830e+00 1.351340774384768295e+00 1.998305497527534058e+00 4.265509808757895094e+00 5.100400660212991433e+00 5.327638763579661152e+00 6.576741583555754112e+00 6.850153680049100302e+00 7.688206482615022708e+00 8.866713748196806577e+00 1.045486548351584588e+01 1.170306887801734774e+01 1.428611193606997176e+01 1.896302184060350982e+01 2.931571313486484698e+01
4.696585549952740835e-14 3.040565328293823311e-01 3.762820860560434078e-01 5.304404902004173916e-01 5.850787162759291116e-01 5.305980476857929951e-01 9.642027188202079158e-01 8.692037367811996651e-01 1.045716850967706169e+00 2.074681549008140280e+00 2.223404844398471969e+00 2.570950254718553651e+00 4.011715139917738426e+00 3.994678484873317004e+00 4.271848600757488512e+00 4.801793936240830618e+00 5.187914538998275482e+00 6.621626303488634235e+00 1.007704653506013948e+01 1.408295562006273194e+01 2.049694476512719632e+01
2.206301395484572447e-14 3.694897601114309205e-01 3.726304366182102146e-01 4.890604764458042486e-01 6.187112472414596498e-01 5.322341177966031234e-01 1.009025857218390554e+00 9.113542986740156282e-01 9.853271280662039278e-01 1.301039997661206593e+00 1.425337102488487107e+00 2.037819365940569227e+00 3.278123012538453729e+00 3.257926320666149511e+00 3.429191841848211020e+00 3.830899940967841921e+00 4.115969674201721773e+00 5.588903495622584039e+00 8.043190467984603131e+00 1.103117528860267171e+01 1.698287205779515574e+01
1.243497022214085347e-14 4.099124689904128371e-01 3.838898530698069411e-01 4.532472092851146384e-01 5.933365877402088095e-01 5.215232221809953383e-01 1.110493353604363964e+00 1.007308623890171395e+00 9.844941681484671303e-01 1.240428965323255861e+00 1.487218779832353954e+00 1.981200648604281245e+00 3.065047803843525820e+00 3.179115414978852971e+00 3.633329623303962919e+00 4.062092362442484728e+00 4.622098917745223190e+00 5.594795876401176926e+00 7.886355138888427874e+00 1.082359702670150448e+01 1.690459284241264015e+01
1.561649966900358476e-14 3.133042480961619747e-01 3.534866848119754268e-01 4.252582223522431981e-01 5.548912846240047214e-01 5.019340312185265329e-01 1.113414609690203338e+00 1.019307172328088429e+00 1.051424695216325755e+00 1.258113019201019034e+00 1.376206719690804325e+00 1.669441240739021115e+00 2.946552698307035367e+00 3.342805617314789313e+00 4.429462723649042033e+00 5.739616936418510562e+00 6.687094555153122677e+00 8.193445666715748033e+00 1.041673052381380060e+01 1.340524965472584284e+01 1.956136933880259576e+01
6.701674433716528715e-15 2.685563248400105185e-01 2.954038563701843478e-01 3.553800588328704380e-01 5.127807329341718123e-01 5.145079040613076415e-01 1.055294485136766713e+00 1.018997553019499680e+00 1.226062745801060672e+00 1.425696173357037688e+00 1.947718446143221316e+00 2.315995392609289993e+00 4.021372781410631703e+00 5.206470091952099644e+00 7.656375700745200241e+00 1.099647574459863542e+01 1.380095171069995885e+01 1.686879640923380563e+01 2.246460939926247136e+01 2.895842644054408055e+01 3.648736608860527042e+01
3.758871315230226728e-15 1.647722825440891270e-01 2.103187936291807947e-01 2.784110371773322878e-01 3.760267452454718051e-01 4.005067736191479377e-01 1.047108906786966331e+00 1.159544717073388131e+00 2.276810405124154002e+00 3.422970822195981366e+00 5.367855940467177511e+00 6.950135714945212762e+00 1.223961640365898162e+01 1.745803073693536689e+01 2.657333755762487826e+01 3.737438484682114392e+01 4.722051397592016286e+01 6.149460991700188828e+01 8.269400073797910977e+01 9.803478455194289154e+01 1.062611878090722257e+02
2.340632394118936140e-15 1.703726622009774372e-01 2.995180662861686716e-01 5.019197407614233164e-01 6.604300496850252777e-01 9.716346762816202576e-01 2.186092289201616801e+00 4.304897064278232044e+00 1.085086340846733854e+01 1.811306675471836414e+01 2.945732292078344017e+01 3.758978493611327565e+01 5.455130645083007579e+01 6.933117095848082556e+01 9.233625349438455032e+01 1.157666328803204152e+02 1.380985422528153492e+02 1.695447724421746329e+02 2.114398480526186290e+02 2.266611538845997984e+02 2.212351533203033966e+02
