# parameter guesses for each density bin at kmax=[0.01599931 0.025733   0.03563564 0.04540391 0.05524662 0.06520112
#  0.07517733 0.08514905 0.09515436 0.10512778 0.11513519 0.12514102
#  0.13509397 0.14508488 0.1550672  0.16506404 0.17508448 0.18509575
#  0.19509705 0.20496111 0.21492433]
9.999271284581187302e+00 1.000083671469391611e+01 9.999996125042722284e+00 9.999672886936552985e+00 1.000099798758872005e+01 9.998634360638993357e+00 1.000325672013838307e+01 9.998267873291645458e+00 1.000102578836163936e+01 1.000077878445372903e+01 1.707191229336697802e+01 1.756102264211775221e+01 1.833318153340972856e+01 1.912007699868470567e+01 2.004389362670299946e+01 2.103170515861600620e+01 2.245680637342454489e+01 2.407200686157120728e+01 2.525421567710484538e+01 2.628505842416772254e+01 2.812724431046428819e+01
9.995707522578632265e+00 1.000637082903080355e+01 1.000215732254847723e+01 9.993661833388781446e+00 9.993817207660763202e+00 9.982521292986900718e+00 9.984721403565762543e+00 5.858005550056266664e+00 6.068832858892248439e+00 5.778490809618839208e+00 5.593381264746630777e+00 3.846204834927831051e+00 5.920124160053470419e+00 5.018947624387226192e+00 4.226849428470541348e+00 5.714210170851300674e+00 4.790131921397680514e+00 3.997632586959501300e+00 3.327687501674795545e+00 4.432012070313022356e+00 4.381839575672081821e+00
1.000064650925777165e+01 1.000328200529547296e+01 9.999045471540192409e+00 9.997641887586411258e+00 7.714935093811716271e+00 7.420120462993097910e+00 6.295347278619955134e+00 4.474692243896599031e+00 5.312708005428834035e+00 3.099020014139553414e+00 4.697790629627386139e+00 4.186052600633886733e+00 4.340772366946723970e+00 4.249130748337915264e+00 1.729522950240867551e+00 2.817282674814820087e+00 3.794139450907135558e+00 3.752380457178278839e+00 4.202317759446857259e+00 4.229185617630356830e+00 3.591585048014938941e+00
1.000038051689509366e+01 9.991026369530464635e+00 1.000072417542694225e+01 9.998710377627855195e+00 9.997234041700558294e+00 4.449239307441201774e+00 6.485480530586150039e+00 3.768291692948281479e+00 4.059883189112087898e+00 3.967364169118763328e+00 3.536632037131294037e+00 3.173046439240833294e+00 3.736003730056559391e+00 2.177954885179257172e+00 3.607118289516910270e+00 3.318552897470708363e+00 2.700997977937165118e+00 3.473887736942989690e+00 3.261634752529171344e+00 3.381660996489625148e+00 3.507361556855529638e+00
1.000091514286560468e+01 1.000031845720335077e+01 9.998000722198225887e+00 9.999540844970351117e+00 9.995921738736631923e+00 7.930735208482413867e+00 7.467475289235432356e+00 6.082569459026151648e+00 5.359312523114716953e+00 3.384696033188053121e+00 4.192515445149459730e+00 3.525567643220469893e+00 2.933854709547913941e+00 4.676173640725390435e+00 3.102581569576233100e+00 2.845704363871674580e+00 2.488025398346546790e+00 2.922192484231302068e+00 2.905581051087474442e+00 2.882695248589136838e+00 3.009310084885997050e+00
1.000117744462902181e+01 1.000148553673934160e+01 9.996235199525742132e+00 9.998998045389779321e+00 9.998751213670370674e+00 6.695049934986571749e+00 7.987071604403920944e+00 5.597116523423832923e+00 3.858094428761464467e+00 5.087059253124191827e+00 3.695696621740512278e+00 4.727872084243554873e+00 3.779700413147185412e+00 3.796257576113108101e+00 3.205934470871499187e+00 3.366734227777021360e+00 1.946870976159883471e+00 2.512583367299718429e+00 2.972843444827205861e+00 3.074674695815502456e+00 2.802695423112260720e+00
9.999623671424048510e+00 9.995494895790761447e+00 9.999011991111418141e+00 9.999089087408377097e+00 9.998491529114900800e+00 7.498210977870425786e+00 7.234340691697464187e+00 6.592566795263499202e+00 5.868922743728065328e+00 4.015781048308656231e+00 3.043018956590762158e+00 4.264859415733601722e+00 3.455779913908141765e+00 2.178254763710893993e+00 2.860274204875131510e+00 2.316671869623541546e+00 2.567594364936797380e+00 1.725513371144041574e+00 3.039483449580360652e+00 2.641655800037300494e+00 3.176687813797242743e+00
1.000000967182112177e+01 1.000038300600767549e+01 9.999783977145382252e+00 9.999404999289078333e+00 8.973713919574462849e+00 6.542349739132223618e+00 7.499240591245889043e+00 3.015222720680329704e+00 4.273473139063739268e+00 2.735548196659439490e+00 2.725920849928242351e+00 4.254338315431748008e+00 4.286548213681649955e+00 3.125246467700998565e+00 2.627013113111835274e+00 2.845944000945343166e+00 3.233622080863000292e+00 3.157886812987970693e+00 3.132976986295592514e+00 3.257456749706115318e+00 3.232291312605931832e+00
9.999707297929344207e+00 9.999247534595347986e+00 9.544789463352993053e+00 7.992905172326987717e+00 7.054223557126814370e+00 6.111195103840391774e+00 7.167002817045120544e+00 2.825103340160117771e+00 3.454789692414407032e+00 3.298651964600110453e+00 2.604665487171310190e+00 3.390885201110849234e+00 4.263269854324239994e+00 4.286973747305530935e+00 4.008965982318909660e+00 3.720695381477058028e+00 3.659654192428515085e+00 4.069780811428076461e+00 4.481746447961695523e+00 4.573183808869755396e+00 4.351854917206204654e+00
9.999993087407588632e+00 9.998120600585053808e+00 8.173535502334329905e+00 3.057270455111252172e+00 5.877452360714741531e+00 5.214178621469199193e+00 5.849081175690841405e+00 3.695599784252141973e+00 2.755276416352388402e+00 3.501717700429219926e-01 2.352010762549242795e+00 3.314217434218974745e+00 4.761617110924126095e+00 5.024293262738345867e+00 5.058234540383085509e+00 4.821967109378781480e+00 4.895371591682130763e+00 5.399043691436594017e+00 5.890641451170537835e+00 5.874362915451349920e+00 5.467239837963580484e+00
