# parameter guesses for each density bin at kmax=[0.01599931 0.025733   0.03563564 0.04540391 0.05524662 0.06520112
#  0.07517733 0.08514905 0.09515436 0.10512778 0.11513519 0.12514102
#  0.13509397 0.14508488 0.1550672  0.16506404 0.17508448 0.18509575
#  0.19509705 0.20496111 0.21492433]
3.265936718719093523e-01 3.345889065642879134e-01 3.309670524317444018e-01 3.297968564932675650e-01 3.256453190871413939e-01 3.239317325628963129e-01 3.216602858805150400e-01 3.176301911661813526e-01 3.153983418712755227e-01 3.154198727906915023e-01 3.111628785518382734e-01 3.066046940488107442e-01 3.011903003794447198e-01 2.956421596492451731e-01 2.896879927428073209e-01 2.824344270166602167e-01 2.746529656334958380e-01 2.649601805040716629e-01 2.584079104471677657e-01 2.515610280573422619e-01 2.445842045784406837e-01
3.038245058914330055e-01 2.888163927933209973e-01 3.055053853019714105e-01 3.214961837614092044e-01 3.275601165840604789e-01 3.332184511707725338e-01 3.392316480642187937e-01 3.460531732020108997e-01 3.522575243143228896e-01 3.594880657867878249e-01 3.659990512738583446e-01 3.713229391231238630e-01 3.764021331380972835e-01 3.824003619196456594e-01 3.887690675001228002e-01 3.930189936410037888e-01 3.986534606999908581e-01 4.028235643537176891e-01 4.058464663177778764e-01 4.098320615085510599e-01 4.143415847299337096e-01
5.603218887890939470e-01 5.417664592714096505e-01 5.519031960252034352e-01 5.609314721488323219e-01 5.638250495083138025e-01 5.677369043248988723e-01 5.712577159866532028e-01 5.734822656010518660e-01 5.775477784187614816e-01 5.833143374132985226e-01 5.877920319784546432e-01 5.895199766534203745e-01 5.913864353508403449e-01 5.933267079608893768e-01 5.960252371396141946e-01 5.992142231514324680e-01 6.025051664017978537e-01 6.038952295279175209e-01 6.041825144004493442e-01 6.065991067752511956e-01 6.112868732345330125e-01
7.535886563029380314e-01 7.326521975401937281e-01 7.394173897398864659e-01 7.481725526660318870e-01 7.481870803950702031e-01 7.501110033975944003e-01 7.513615974638482298e-01 7.516852649150681520e-01 7.545598942955096256e-01 7.592028146317633119e-01 7.616249621447627183e-01 7.618728760270955247e-01 7.632129691538137584e-01 7.635782440516479808e-01 7.657658380725697045e-01 7.678535055915105545e-01 7.696898479981202357e-01 7.705022228282720764e-01 7.695758493199589267e-01 7.708931966212678732e-01 7.746897542746785659e-01
9.247155672475435573e-01 8.983640778430680429e-01 9.026443582986363179e-01 9.105633186685542224e-01 9.120402371740405911e-01 9.116641698954459638e-01 9.128700288871605117e-01 9.118093954517528799e-01 9.144689767199359887e-01 9.175927527487252044e-01 9.197587414956747143e-01 9.191778170148606764e-01 9.195137388439322823e-01 9.197137086387588978e-01 9.213839775029298851e-01 9.236608147447836759e-01 9.256500546524683015e-01 9.258972649308554459e-01 9.253301701176847027e-01 9.262657251018151516e-01 9.312671492289928965e-01
1.101071713609099723e+00 1.059112634883930815e+00 1.065677559041576128e+00 1.072375209499674353e+00 1.073223306194642124e+00 1.071646421623991596e+00 1.071904211924616268e+00 1.069785459851084974e+00 1.071406962910429250e+00 1.074639176196741763e+00 1.077730297059032116e+00 1.077041036778261240e+00 1.077751003171022681e+00 1.078903933661801373e+00 1.081917459939490955e+00 1.084481694514022987e+00 1.087351415480164452e+00 1.088379984484699303e+00 1.087814014132159279e+00 1.089535050142310668e+00 1.094840325909701262e+00
1.268156353806286329e+00 1.233998286587219884e+00 1.249756712205342568e+00 1.251454773287844047e+00 1.251650632502022686e+00 1.249342681787914522e+00 1.250239004023887990e+00 1.247878294090156048e+00 1.250791616684790775e+00 1.254038148236529926e+00 1.256563479032860808e+00 1.256314279014287605e+00 1.259004208040150008e+00 1.261841999705758832e+00 1.266957393408549626e+00 1.271347371936931481e+00 1.276031958839368485e+00 1.279215675735854818e+00 1.280310604699764321e+00 1.283174388892256435e+00 1.290922852378524555e+00
1.507698852935557721e+00 1.466851817248427725e+00 1.483935635455546187e+00 1.486980638442374714e+00 1.487451129809564287e+00 1.484930031891932289e+00 1.489066333916410079e+00 1.486590933543238346e+00 1.492427736510212766e+00 1.496743861823992106e+00 1.503275605318461272e+00 1.505240815865609205e+00 1.510376725240721418e+00 1.517122767384774251e+00 1.526376915490170072e+00 1.534781548243820737e+00 1.542979826176548830e+00 1.549909508009934545e+00 1.556010861370980880e+00 1.561904518148234944e+00 1.570414967934150585e+00
1.885505722332866174e+00 1.848325061278163428e+00 1.868093013075180497e+00 1.878085754755555392e+00 1.886103207891967060e+00 1.886928881677950587e+00 1.894784044820552182e+00 1.900230965160972341e+00 1.915964232430977354e+00 1.929550673633189772e+00 1.946357448061863060e+00 1.956494125755398938e+00 1.971466036000273148e+00 1.988002903310901237e+00 2.005313843078264657e+00 2.021306432089646332e+00 2.031989759886866587e+00 2.050969428733670608e+00 2.064589361625126962e+00 2.068859798039976994e+00 2.074476401903441847e+00
2.465959520548816286e+00 2.418688639625358405e+00 2.447871943643449733e+00 2.474087803093639959e+00 2.497617980185498521e+00 2.516945631828841901e+00 2.540680370291231949e+00 2.572028803124112084e+00 2.614866763174471309e+00 2.643541357006259140e+00 2.685021547666356589e+00 2.708146007414728551e+00 2.740275250609940816e+00 2.751785444910788581e+00 2.725035985403464256e+00 2.702023385419380030e+00 2.669661714217749449e+00 2.646193474091778519e+00 2.617472908538197363e+00 2.564281336775580122e+00 2.536047917646065741e+00
