# parameter guesses for each density bin at kmax=[0.01599931 0.025733   0.03563564 0.04540391 0.05524662 0.06520112
#  0.07517733 0.08514905 0.09515436 0.10512778 0.11513519 0.12514102
#  0.13509397 0.14508488 0.1550672  0.16506404 0.17508448 0.18509575
#  0.19509705 0.20496111 0.21492433]
-1.105413662756714821e+00 -1.172546616315526924e+00 -1.144161823251922172e+00 -1.160084525314363235e+00 -1.169667562425741325e+00 -1.167990123448300999e+00 -1.182076755270466739e+00 -1.176662678495012271e+00 -1.181211029309678251e+00 -1.189107372195489010e+00 -1.185961200589041642e+00 -1.166992914804293902e+00 -9.981944312003935282e-01 -9.730613103859959701e-01 -9.512301196128097880e-01 -1.745250296374502019e+00 -1.733976213415649559e+00 -8.707360364922703821e-01 -8.455843716216012718e-01 -8.219677988394967771e-01 -8.068445554197843927e-01
1.514859409594756734e+00 1.850525644526501479e+00 1.653193561641312703e+00 1.485237323776730900e+00 1.472044886716646461e+00 1.481718627161085378e+00 1.237019198935429110e+00 1.175547157790870489e+00 1.337511370596566662e+00 1.278233125445362051e+00 1.153533178808074711e+00 1.061402609688201659e+00 1.179346974579060126e+00 8.397323433557535299e-01 1.008480114302323427e+00 9.569178189456415407e-01 9.796890257023322945e-01 9.742434459149651449e-01 9.181033721557934069e-01 7.309361431709610057e-01 7.610258093458733830e-01
7.969405601848608134e-01 1.025568578947098297e+00 9.613629259863639698e-01 9.210010280508403868e-01 8.882174982422976761e-01 8.332287578137237416e-01 8.571950916086896743e-01 8.415331972689999995e-01 8.423932828123651406e-01 7.502739216853224757e-01 7.680337225798526957e-01 7.293601533320318575e-01 7.116509960697667836e-01 7.942381704292711397e-01 7.563145378526786589e-01 7.615903969895893022e-01 7.403559848474485783e-01 7.235143021199297308e-01 7.863813605167295773e-01 7.079250733158596320e-01 6.871317219046454428e-01
6.166472441795735060e-01 7.695279855476254705e-01 7.297044342773321146e-01 7.108170370739358424e-01 7.219300448184956531e-01 6.766220869789913994e-01 6.871427599342028181e-01 6.547536772359172641e-01 6.466410795023465052e-01 6.577207646776824790e-01 6.234861325182862180e-01 6.218942521558535885e-01 6.421509600024065678e-01 6.133051977283034972e-01 5.965765799396951508e-01 6.178024965350836784e-01 5.936948795986555227e-01 6.181547116386703067e-01 6.018116856969877304e-01 5.998328536246526621e-01 5.534055450977424240e-01
4.854690194848114704e-01 6.350241712924626913e-01 6.148618709109943126e-01 5.995287661244881328e-01 6.022388783563956682e-01 5.960091948065876499e-01 5.774222117003209309e-01 5.613491514632318324e-01 5.620541214191547841e-01 5.185323106866707166e-01 3.975949394392156999e-01 5.392505233131882347e-01 5.243722854294396996e-01 5.439680270642112125e-01 5.302545010848431772e-01 5.219440789033763517e-01 5.008155853321019091e-01 4.743227357943854416e-01 4.665826836582965820e-01 4.974939511418820515e-01 4.936066574584743183e-01
3.949098006177795273e-01 5.474793377181577103e-01 5.267671185683180379e-01 5.161139778644421305e-01 5.207919170989051549e-01 4.973046668923832292e-01 4.938926665214111167e-01 4.183360903558924204e-01 5.007991359434939005e-01 4.494551187737163556e-01 4.893857239917661084e-01 4.827034920588155753e-01 4.953760390093348009e-01 4.369974739193215330e-01 3.825463396217481105e-01 4.312155808019232373e-01 4.787891882229456941e-01 4.258373779049591246e-01 4.286263941850789738e-01 4.311501677435515267e-01 4.128414817212844312e-01
3.480773271340215635e-01 4.742250937604823857e-01 4.468778618372319933e-01 4.440634529330254043e-01 4.499710873700874525e-01 4.215749814177666699e-01 4.335852559612793922e-01 3.956900306896907193e-01 4.144447339691796350e-01 3.904648345201503501e-01 3.973513386203805231e-01 3.725657828888403467e-01 3.941441252174173182e-01 3.929733968152803736e-01 3.510188415364545733e-01 3.491087642880165709e-01 3.619468347954498677e-01 3.367234779019444568e-01 3.336959237509186660e-01 3.179588920996465617e-01 3.348708137301869003e-01
2.866379056447307949e-01 3.994794587950450393e-01 3.820120247895102406e-01 3.790994940646988387e-01 3.673312221120456633e-01 3.714401515048427194e-01 3.585061789503216079e-01 3.542961018196083556e-01 3.092118418511828337e-01 3.039380966672029505e-01 3.073145491454278844e-01 3.249862884748683234e-01 2.984604005567835228e-01 3.104261570504321943e-01 2.632888210755755520e-01 2.544292605317537426e-01 2.422237396207114757e-01 2.583752947005085732e-01 2.465797283222921910e-01 2.404809361831807824e-01 1.945655356599823027e-01
2.162413799844823403e-01 3.012484824392701044e-01 2.951692314754933988e-01 2.796947884573072751e-01 2.600807495281166060e-01 2.510192981126713740e-01 2.520947468627308674e-01 2.133465857223038054e-01 2.148553342270385635e-01 1.841524301688282073e-01 1.883570743512079926e-01 1.861120348215869746e-01 1.826181048195409384e-01 1.468028710778211676e-01 1.258469194165647842e-01 9.000127064015635281e-02 8.358216312782341950e-02 7.254753813983480515e-02 7.896551618876893053e-02 7.425778809932515045e-02 5.559708149615848194e-02
1.149620786046536003e-01 1.947105860400474564e-01 1.678970646152403157e-01 1.699623538696432845e-01 1.440553157474009638e-01 1.331398481267794531e-01 1.189980753354462628e-01 9.282375023988555240e-02 5.626726096348082240e-02 5.708399572592356280e-02 3.537762387208876619e-02 7.217598092510632384e-03 -1.343017172507676715e-02 -2.341717205722082529e-02 -3.039352291065140765e-02 -4.712457653327990076e-02 -4.650483456260597059e-02 -3.158859833459808086e-02 -1.061673433539172227e-02 -3.395477196851566775e-04 -1.754628509776944359e-02
