# parameter guesses for each density bin at kmax=[0.01599931 0.025733   0.03563564 0.04540391 0.05524662 0.06520112
#  0.07517733 0.08514905 0.09515436 0.10512778 0.11513519 0.12514102
#  0.13509397 0.14508488 0.1550672  0.16506404 0.17508448 0.18509575
#  0.19509705 0.20496111 0.21492433]
1.770312509876857294e-13 5.633071896485449676e-02 7.216564355789341356e-02 3.135209148493579567e-01 1.179233537576131585e+00 1.228250290690786395e+00 2.804311225902143434e+00 4.316023500318490136e+00 6.129413636384783537e+00 9.254893116470434222e+00 1.243107911180401892e+01 1.947352525416042823e+01 2.886653433012750725e+01 3.956208366209255445e+01 5.134483728864094587e+01 6.641252301681318215e+01 9.011682885617011607e+01 1.208602587036389622e+02 1.505547829906834636e+02 1.767652553015370813e+02 2.145360438024256666e+02
6.496887125526438010e-13 4.491042618861679769e-01 9.346679721425763532e-01 2.777438170208646806e+00 2.929247397717922308e+00 3.531847215956549935e+00 4.304568003478746796e+00 6.244315306478731564e+00 9.205843736726516013e+00 1.694427532213818566e+01 2.190815905514904571e+01 2.603155413445049149e+01 2.959282402410860513e+01 3.500974627071852296e+01 4.085428269243081445e+01 5.060799731442437377e+01 6.165927711729716520e+01 6.582381314983922493e+01 6.796068520223403198e+01 7.360497905269717478e+01 8.575000029991096540e+01
1.249454410173681366e-13 5.819836094641077651e-01 6.157324311841730902e-01 8.480446449655186791e-01 7.775795736803675640e-01 8.611365762308341720e-01 1.308823007936220639e+00 1.293172812460984478e+00 1.847476937428676580e+00 4.165449156524726249e+00 5.062371035338322223e+00 5.218853431329444348e+00 6.191870162666984534e+00 6.287958722718633986e+00 6.880965762621524817e+00 8.101835722411200535e+00 9.860152185049555484e+00 1.082763992204686510e+01 1.274742552090587999e+01 1.684672712437910036e+01 2.592957544537075520e+01
2.327917930427830416e-14 2.975358511231620540e-01 3.815686598881612435e-01 5.088184281301721956e-01 5.439673003859747391e-01 5.020055389984211525e-01 9.398136989575772704e-01 8.424521547563160739e-01 9.674753070358731444e-01 1.996840564773680660e+00 2.117557116458509636e+00 2.304223604664919822e+00 3.550452805216294472e+00 3.518427216024821114e+00 3.689911388984500551e+00 4.137836104994285336e+00 4.472042510737147758e+00 5.536097431333937280e+00 8.146986200535090816e+00 1.181186887269257646e+01 1.735001111919734385e+01
3.711991535072949592e-14 3.666252367963782621e-01 3.821764011655700566e-01 4.804666964980031096e-01 5.875553212462240049e-01 5.073928585294541493e-01 9.991213501843499989e-01 9.309942504963623078e-01 9.584639057757836644e-01 1.271729893250677534e+00 1.345869793913024637e+00 1.734444497140383623e+00 2.811255327025641293e+00 2.786951341649809066e+00 2.847206387112434456e+00 3.249058446092142560e+00 3.528431370608847928e+00 4.476517854585869927e+00 6.037320903147929130e+00 8.587504013168697270e+00 1.388206400241629090e+01
2.054952031027558799e-14 4.211948029641605085e-01 3.980146177966396581e-01 4.535393732803319478e-01 5.662113784528000071e-01 4.957229128395270190e-01 1.114337384856612267e+00 1.029194273600701814e+00 9.712066193852016971e-01 1.224730340516757998e+00 1.406867280082791050e+00 1.691079098083400956e+00 2.563764902441090232e+00 2.602562743739667450e+00 2.883238589036205113e+00 3.266922526075474398e+00 3.838630192801913310e+00 4.263372564252257746e+00 5.629332372681535190e+00 7.814019056846237099e+00 1.297100685372907769e+01
2.091397890293641411e-14 3.158029444042438350e-01 3.399582800181983888e-01 4.171372172867416905e-01 5.182177099427797140e-01 4.641225547823539799e-01 1.092648732767694142e+00 1.012429987394204423e+00 9.884085254757291050e-01 1.218804996182302647e+00 1.270970725746150221e+00 1.366085845812340827e+00 2.325942675394441661e+00 2.536845177885736380e+00 3.385844447337618135e+00 4.645797635760848365e+00 5.679229947695059622e+00 6.358879037953149016e+00 7.479348923977224395e+00 9.489904826777747715e+00 1.513821108348741440e+01
8.449842007475834126e-15 2.734687929882295698e-01 2.791536898335572614e-01 3.398529271448041955e-01 4.635643623769531985e-01 4.506610179361416058e-01 9.718927985359417931e-01 9.539743801252892341e-01 1.085788749478544091e+00 1.340685702364556198e+00 1.780101495365436604e+00 1.877450874731546371e+00 3.051006558428777549e+00 3.918099578174270015e+00 6.003440477628450900e+00 9.147698999229298522e+00 1.177570911171670076e+01 1.342237143977243186e+01 1.698185073379377741e+01 2.154295752936853248e+01 2.862790052565299348e+01
2.532469545131607236e-15 1.671445435592216200e-01 1.879085035016065108e-01 2.475073422005757973e-01 3.147534584556744841e-01 3.135865855256784185e-01 8.625996146773028395e-01 9.743229127932315770e-01 1.993064538969075983e+00 3.340637736958875781e+00 5.134997379825140484e+00 6.157059977128848338e+00 1.009733350932677709e+01 1.425235766246129465e+01 2.234215102335041792e+01 3.272029461061623579e+01 4.117626516825791327e+01 5.197790636639776807e+01 6.758967229068453264e+01 7.987429038030752793e+01 8.868706430246476202e+01
1.468467686429689773e-14 1.772731011872069884e-01 2.765517750018504639e-01 4.734742748429264791e-01 6.479284675660460513e-01 8.850654789623175756e-01 1.945947805703912570e+00 4.087962707833412423e+00 1.075158565416239576e+01 1.926805576826339106e+01 3.070963593057666685e+01 3.717915822220859923e+01 5.121115555356407611e+01 6.341914140831705282e+01 8.431346096216739738e+01 1.073922608731602821e+02 1.263330334649852631e+02 1.517189951788702729e+02 1.833007912620107049e+02 1.956022792607345195e+02 1.916619325015536504e+02
