# parameter guesses for each density bin at kmax=[0.01599931 0.025733   0.03563564 0.04540391 0.05524662 0.06520112
#  0.07517733 0.08514905 0.09515436 0.10512778 0.11513519 0.12514102
#  0.13509397 0.14508488 0.1550672  0.16506404 0.17508448 0.18509575
#  0.19509705 0.20496111 0.21492433]
9.999147586325246806e+00 9.999662824582021159e+00 9.998214910704009029e+00 9.995221681235065603e+00 9.996625337997297578e+00 9.996643252693505843e+00 9.996248015527152475e+00 1.000067428134691205e+01 1.000494999974189803e+01 1.008068630766479323e+01 9.961862848210646604e+00 1.000028387362139171e+01 1.995138025954481265e+01 2.080919717761170418e+01 2.179900555857159716e+01 1.922576323513310825e+01 2.276239430678702291e+01 2.609947121611379117e+01 2.741369264646412418e+01 2.852070654404567307e+01 3.035594142432194431e+01
9.994245422941363088e+00 1.000367310544599775e+01 9.987099916572715230e+00 1.000666824364085272e+01 9.997352071599065582e+00 9.989967261552584077e+00 2.132213167588703051e+00 3.606836207276187256e+00 7.502504071647870809e+00 6.423502255280697959e+00 3.308151032653464441e+00 3.031766986566332367e+00 5.653472705303916435e+00 1.227658351778580625e+00 3.807949583361510459e+00 3.078551673868520133e+00 3.868965987121001149e+00 4.377868310016504338e+00 3.954410058184752330e+00 2.851403669094387361e+00 -1.338940679778333864e+00
9.998532040477728700e+00 1.000306954084094180e+01 9.999466210262188071e+00 9.999307098471891919e+00 7.677566240504177131e+00 3.888471450518721451e+00 6.684434903782411119e+00 5.532015065020972955e+00 5.716552161864213666e+00 2.230720644160200550e+00 3.560622919369270445e+00 3.103004512984166574e+00 3.252523319922505429e+00 4.578919314539660945e+00 3.994457779750763660e+00 4.068195224513007524e+00 3.745317720552970187e+00 3.231641642294987182e+00 3.953086810587676858e+00 3.400770713200746975e+00 3.292240325936905965e+00
1.000013878199856876e+01 9.997838223795630697e+00 9.999776222708293361e+00 9.999058408643394458e+00 9.998030276333674138e+00 6.319826871769860688e+00 7.307765893399819745e+00 4.910821118796349083e+00 4.673510476579687989e+00 4.929682045179799132e+00 3.794711082150969972e+00 3.634630258727237440e+00 4.409498293840504957e+00 3.544354308269682896e+00 3.026669220784206082e+00 3.637075977960098960e+00 3.085719902782672719e+00 3.536596390849711113e+00 3.149892343929853400e+00 3.243835468683706313e+00 2.983642586179396705e+00
9.999815938355059330e+00 1.000139950595503180e+01 9.998326354750975753e+00 9.999144896356440881e+00 9.998079359333559069e+00 7.971179217522030847e+00 7.216907718470388033e+00 5.535059121806229498e+00 5.350863262313924729e+00 3.208850457464821115e+00 2.190488994403167133e+00 4.032100178001535085e+00 3.637656217448368867e+00 4.029666064497814837e+00 3.614976997345689114e+00 3.334027514848772356e+00 2.809911318052222384e+00 2.081663704536832693e+00 2.500421686599155535e+00 2.741557318220781525e+00 2.554309506031208432e+00
9.999369444847015842e+00 9.917201848081004911e+00 1.000078662610734348e+01 9.998167493798128191e+00 9.998363330318905895e+00 6.993326475759782390e+00 7.001682619404413721e+00 3.819153997597479311e+00 5.773523354620981429e+00 3.164921907891663722e+00 4.895743219309863115e+00 4.397377475922732870e+00 4.811926483266278254e+00 2.443241445826294989e+00 1.552005108605841066e+00 3.246761847135521073e+00 3.256507646115300414e+00 2.581796402417527947e+00 2.653144015594492533e+00 2.767065399222417010e+00 2.620065572276290222e+00
9.999632174380415961e+00 1.000469814463184370e+01 9.999512870009558796e+00 9.999220570701190525e+00 9.891937987885768280e+00 6.542052857937518340e+00 7.511003667255196525e+00 4.457182560829464180e+00 5.028942603940245171e+00 3.480113024618699313e+00 3.796299551355710733e+00 2.542885919343734091e+00 3.704607143761131649e+00 3.608222256561842478e+00 2.294129673435914896e+00 2.350699867402450849e+00 2.520959009011091378e+00 2.192848888794110440e+00 2.266165621019231580e+00 2.022795235629132549e+00 2.628641728938074795e+00
1.000004620635169239e+01 9.998173945335841140e+00 9.998775035919329923e+00 9.996229171068376829e+00 8.659343540658625216e+00 7.831112786498618306e+00 7.352675147862601790e+00 5.702370981350882495e+00 8.697766338243031470e-01 2.030005153134315954e+00 2.926322130751046746e+00 3.803323449726741856e+00 3.074034073635236286e+00 3.645327599992488565e+00 2.314639535107149815e+00 2.228740065191315622e+00 2.062434008496681681e+00 2.891779422184767245e+00 2.688517415951563017e+00 2.792418854041348819e+00 2.235838071176013298e+00
1.000014748328956138e+01 9.999013983206829437e+00 9.843913569242653594e+00 8.738653563374208844e+00 6.977535206628501463e+00 5.751077677167633517e+00 6.721445779320112557e+00 2.894822961663414240e+00 3.799107706014505759e+00 9.761025384318529063e-01 2.911410523494799119e+00 3.362219663802737291e+00 3.987139783297992679e+00 3.251866460377610846e+00 3.167459145675323384e+00 2.606492264001129655e+00 2.607428298374644182e+00 2.904043805899724440e+00 3.542894565271520246e+00 3.710886677802425204e+00 3.514747854512061398e+00
9.999977751903445622e+00 9.997922028436574848e+00 5.767445954345470582e+00 6.472436952310473224e+00 3.351920202620769285e+00 4.023997644139900132e+00 4.860314686760173863e+00 2.999853906025342631e+00 1.116821301975788439e+00 1.659441105638554959e+00 2.136372916206666250e+00 1.778317214846702354e+00 2.981906012681846185e+00 3.431648711950776143e+00 3.577699088793322435e+00 3.227477619644463669e+00 3.318365215759027098e+00 4.080479147564144426e+00 4.771133113836016904e+00 4.871964356024164999e+00 4.476553140182645940e+00
