-3.373162084966489505e-01 -3.425678119901862106e-01 -3.389369454202069143e-01 -3.366039135374667146e-01 -3.335044959458956515e-01 -3.303383557446684105e-01 -3.273939374121924706e-01 -3.228713638794998841e-01 -3.207897023727250274e-01 -3.178553014249276831e-01 -3.137933885581278837e-01 -3.196320385817093546e-01 -3.214129678225476905e-01 -3.149941344479321725e-01 -3.160134855059872350e-01 -3.142063201160831265e-01 -3.121326918061868572e-01 -3.129548693390781233e-01 -3.129356462701340935e-01 -3.119639281995933988e-01 -3.117852111019949191e-01
3.028650536989235809e-01 2.886193664008939730e-01 3.054824855619973079e-01 3.210958423262301742e-01 3.272867533728699430e-01 3.329599680288466423e-01 3.389826494077405328e-01 3.458032907513826082e-01 3.519747095518721558e-01 3.593378659131404307e-01 3.658766923609217958e-01 3.711743841756119933e-01 3.762538510418156901e-01 3.822078503069721855e-01 3.885783536108838310e-01 3.928514207614622333e-01 3.984797322499687988e-01 4.026291152244882987e-01 4.055808784719981408e-01 4.091872400788834074e-01 4.136308286350477981e-01
5.598616870713214455e-01 5.415843630474950210e-01 5.515111392317005867e-01 5.605146450730359442e-01 5.631065381331671338e-01 5.674239649929708751e-01 5.706234353763321998e-01 5.726889602119131784e-01 5.770223583237819032e-01 5.830799537119534248e-01 5.875381752177618599e-01 5.890184257806254653e-01 5.901589363729538018e-01 5.921676125855853678e-01 5.949355475074543653e-01 5.984391373942711256e-01 6.016611312312342141e-01 6.025758797625554442e-01 6.024671555766046849e-01 6.040078299763154135e-01 6.082727151328716220e-01
7.509529910498301541e-01 7.325410400686780399e-01 7.391934823965351509e-01 7.479443622597917729e-01 7.477819310110297435e-01 7.498835008497511945e-01 7.505351735746303987e-01 7.507229387618402638e-01 7.536899315868076377e-01 7.588909466409559101e-01 7.611838756326482214e-01 7.611737252793547848e-01 7.616367609716084841e-01 7.621380797995008782e-01 7.641930663516599553e-01 7.663377212529812743e-01 7.683144299266888577e-01 7.682446526274457899e-01 7.667154939748689335e-01 7.671732321147674005e-01 7.710072979110321745e-01
9.231688462836833420e-01 8.975577110684002102e-01 9.028966989200422066e-01 9.104606327636669549e-01 9.111888445285242222e-01 9.115005527576551803e-01 9.119821667033165546e-01 9.106374755917253649e-01 9.135436782586814353e-01 9.172566372915058608e-01 9.193000248304722399e-01 9.183561272039031387e-01 9.178814933030060574e-01 9.181561272123002215e-01 9.199253385368399982e-01 9.227191563178381850e-01 9.246685251686447282e-01 9.240374457386282270e-01 9.228135114697886277e-01 9.230045586303043947e-01 9.276262066881909574e-01
1.100591335874485877e+00 1.059831617000944748e+00 1.065499653616377218e+00 1.072387951251825067e+00 1.072399264528005824e+00 1.071148507263329774e+00 1.071078723436906577e+00 1.068822836937022736e+00 1.070663332189430994e+00 1.074374997878279725e+00 1.077373206969463926e+00 1.076310069476937414e+00 1.076224554321540738e+00 1.077562733557584140e+00 1.080653021141673609e+00 1.083606605872628803e+00 1.086612845751434353e+00 1.087079333355693844e+00 1.085992241141894743e+00 1.087038630702308994e+00 1.092394328605243103e+00
1.265325989503952142e+00 1.234700130848044530e+00 1.250023161046398323e+00 1.250849429035201021e+00 1.250969866171479872e+00 1.249032524905259844e+00 1.249300416348137599e+00 1.246925033436775188e+00 1.250147230735233039e+00 1.253793196979644309e+00 1.256402374546643497e+00 1.255814353912801051e+00 1.257653354840641002e+00 1.260410047825475166e+00 1.266020905336057600e+00 1.270745557755654342e+00 1.275605428752028869e+00 1.278302129554215627e+00 1.278941615997183812e+00 1.281568798192446401e+00 1.289577303557027488e+00
1.505445923272814346e+00 1.466015936099590800e+00 1.482712098844055859e+00 1.486986065449771743e+00 1.487083324311828658e+00 1.484238035287898771e+00 1.488178034457237731e+00 1.485896843673407464e+00 1.491960620185577069e+00 1.496356131852280225e+00 1.503027909471337908e+00 1.504938938560572925e+00 1.509155623894861575e+00 1.515919694934588335e+00 1.525535949775546518e+00 1.534053988849297889e+00 1.542445049655559730e+00 1.549483180805316884e+00 1.555357980417948038e+00 1.561316705792965998e+00 1.570707896449953900e+00
1.883019622036018692e+00 1.847385108160094713e+00 1.867864479970088087e+00 1.877081619238167409e+00 1.885554365636964880e+00 1.886482874264796550e+00 1.894229931100448461e+00 1.899516245880396692e+00 1.915444970406455116e+00 1.929404652057867153e+00 1.946213659854950206e+00 1.956474207547942878e+00 1.971429162629523502e+00 1.988382772692796729e+00 2.006397065267175872e+00 2.023135287596282250e+00 2.035036810470085111e+00 2.056407909997421513e+00 2.073604605974774362e+00 2.083195971061346796e+00 2.093933588240331378e+00
2.452476862620933673e+00 2.415336555371497163e+00 2.447769030778546018e+00 2.473856101127871021e+00 2.497168009558150104e+00 2.516682523398171778e+00 2.539748626640573104e+00 2.571438789922161572e+00 2.614781864604543760e+00 2.643199100597173778e+00 2.684610366615327592e+00 2.705530016237321256e+00 2.733322177995971991e+00 2.743605777230198939e+00 2.717203612147158331e+00 2.683620268992585434e+00 2.653528879266016105e+00 2.656566927907343612e+00 2.670309569591875043e+00 2.648186105200975859e+00 2.619494762946104061e+00
