1.876087219417881258e-01 1.282318770023170018e-01 1.389405474873359192e-01 1.230615821955679673e-01 1.085729100984028639e-01 1.054481682248648716e-01 8.678889579911996943e-02 8.542325893790313207e-02 7.053416278326229971e-02 5.249312397079165110e-02 4.901701513006789107e-02 1.997149538621909304e-01 2.184525435784218650e-01 2.014685148767167422e-01 2.413299489639605944e-01 2.207311538222627989e-01 9.081829816396422284e-03 9.300740130105039638e-03 9.204075346546315012e-03 9.329362513380373700e-03 8.657610665457966120e-03
1.973935014315522651e-01 1.208008730928108870e-01 6.217610679438174276e-02 4.123268181232766366e-02 3.275755731875312771e-02 2.501898688605255772e-02 2.292963038990278660e-02 1.760413938490021368e-02 1.470541721725655490e-02 1.273220045657295733e-02 1.084285134211231821e-02 1.024884354049198504e-02 9.186799975581905892e-03 8.254890982148958486e-03 7.409334183509132428e-03 6.767359832662936565e-03 6.213371034306396784e-03 6.001763947434796652e-03 7.429580352331479828e-03 7.662535006621876491e-03 7.270589128825156316e-03
1.999683351304995249e-01 1.215508457856510072e-01 6.539817440349478261e-02 4.685941642074497454e-02 3.628502296102681379e-02 3.022431873775811503e-02 2.625968519892738981e-02 2.477722194178845136e-02 2.207207407129750318e-02 1.564725553693130378e-02 1.511238089629363471e-02 1.703399986601357441e-02 1.643898428900941039e-02 1.490256686562206785e-02 1.374318075408867412e-02 1.209200093275383803e-02 1.131837032398615335e-02 1.067374851661980796e-02 1.033436807526891092e-02 9.608984795671212178e-03 9.140325397669499252e-03
2.209949509706753135e-01 1.256474468434205516e-01 7.207730781419140198e-02 5.016038900879954410e-02 4.066238431092984024e-02 3.315909868540341948e-02 2.995370152721120102e-02 2.913419261262258086e-02 2.817634578597394759e-02 1.961242494026001204e-02 1.909268275026946085e-02 2.054766311656553227e-02 1.879511263634609311e-02 1.692626702635888214e-02 1.605734019612442554e-02 1.400464623431195779e-02 1.306529403150324259e-02 1.216718521940458701e-02 1.149296157106060277e-02 1.073879748758343501e-02 1.020247693728731572e-02
2.253745039755103985e-01 1.378796989437928444e-01 7.735329449122475831e-02 5.865435111782164868e-02 4.534528135956924361e-02 3.633796170821499555e-02 3.182308018207353345e-02 3.169279022948092578e-02 3.086119318134774095e-02 2.344011645158057197e-02 2.117633357633661242e-02 2.286473868663514014e-02 2.137539742858042199e-02 1.905413411646483812e-02 1.733594291480632793e-02 1.588059067066467309e-02 1.439698370996797885e-02 1.336939385562511268e-02 1.266365827003241955e-02 1.229095528562259947e-02 1.165806825601968001e-02
2.487219639361247792e-01 1.527534512292906266e-01 8.675562732878917827e-02 6.353056966144875195e-02 4.929051873051214228e-02 3.880441317244142513e-02 3.474866296807615357e-02 3.542928100514438489e-02 3.290431751034338798e-02 2.389941187502067632e-02 2.234982076325607234e-02 2.573860531497596318e-02 2.352503982038852554e-02 2.099642257757135602e-02 1.905841098767695890e-02 1.696366637814093747e-02 1.467418408971410577e-02 1.482809247243178051e-02 1.372372449837480808e-02 1.305206317566037083e-02 1.247461122969704787e-02
2.798717697024861173e-01 1.673352581699848185e-01 9.095433854789347627e-02 6.986792333570164548e-02 5.247792268516200676e-02 4.529506994123977393e-02 3.666958285348003582e-02 3.890282785536021415e-02 3.535379861019928571e-02 2.537063409293953062e-02 2.425923457755616366e-02 2.545061707194510442e-02 2.655421882955993906e-02 2.391548331095259480e-02 2.126423715345418866e-02 1.668490088042873590e-02 1.350913467769676059e-02 1.602830936893378383e-02 1.548700437947294478e-02 1.462482933456745772e-02 1.425560391229791814e-02
3.050621552264191072e-01 1.820260115558420544e-01 1.015909190285654989e-01 7.474093324608184485e-02 5.986583820375915299e-02 4.965499381786771249e-02 4.311314916535779335e-02 4.198467796782467260e-02 3.580255123879125256e-02 2.669662794593117422e-02 2.500246974127768446e-02 2.725027783690898639e-02 2.923516159619515484e-02 2.710917363385877132e-02 2.353224518493194500e-02 2.176249745224697815e-02 1.859185571383981453e-02 1.868064103180906710e-02 1.752694552637380082e-02 1.709368991274004893e-02 1.579618173035247930e-02
3.337746305163968863e-01 2.169477464446161741e-01 1.224543693221312457e-01 9.196664151640907003e-02 7.000227279439098782e-02 5.845952138139642873e-02 5.054099291734721194e-02 4.972720087676964912e-02 3.842466086346170429e-02 3.054339558345238459e-02 2.798241151733469115e-02 3.113775976784699182e-02 3.600325325508641622e-02 3.210670799966106048e-02 2.869133244370685246e-02 2.687041570580778541e-02 2.454254972002607380e-02 2.283361471143560695e-02 2.168360773062749658e-02 2.096760549526882622e-02 1.991740902359855764e-02
3.513295968705310024e-01 2.435421289503751918e-01 1.425112096570827214e-01 1.083784485053461977e-01 8.029598861515656327e-02 6.821142277465405690e-02 6.428746713475709529e-02 4.914269513039645765e-02 3.956860226463849994e-02 3.488399042027628266e-02 3.281731650311552756e-02 2.250458383710002286e-02 1.464584190227886593e-02 9.989742010006958176e-03 7.482938315339017661e-03 4.907864833464131542e-03 4.525049198192600958e-03 6.818360802431036420e-03 1.234928906697568655e-02 1.938417769590650500e-02 8.685376505282034823e-03
