1.473010281201612148e-01 1.295439848105676139e-01 1.498457871275384878e-01 1.575836816978400945e-01 1.383114509592353603e-01 1.627912195498609771e-01 1.618762333627909999e-01 1.757880895896880569e-01 1.646084348658484187e-01 1.680221253011716653e-01 1.800420720546253017e-01 2.387912232749322961e-01 1.328942835331293759e-01 3.098888465838510742e-01 2.548428940101846729e-01 3.246821627707326963e-01 4.650405903245463657e-01 4.835190203210379956e-01 4.983753241893359442e-01 5.141615224020800179e-01 5.243130631463865932e-01
1.310512255462982223e-01 5.354615347488156374e-04 8.358788131712180380e-02 1.521748872518240425e-01 1.635067674882293431e-01 1.684798992144760366e-01 1.918213840806320958e-01 2.097941124355088283e-01 2.267816592262023034e-01 2.384420011230212744e-01 2.510736063608945967e-01 2.643498556361617569e-01 2.859728820051622433e-01 3.016187819944993187e-01 3.218841315583439444e-01 3.340417854320875124e-01 3.483350669874968331e-01 3.632475158561334627e-01 3.759412086739252201e-01 3.767150426286183240e-01 3.899754773801960006e-01
1.641007247916649314e-01 -3.066798525820813026e-02 4.232895406993564258e-02 9.087454492523527882e-02 1.032964264908552421e-01 1.106151834856223815e-01 1.292910275620985372e-01 1.361281274325130131e-01 1.547767266879712666e-01 1.753282585626045886e-01 1.911076726734156628e-01 1.932893855673237793e-01 1.794764022441434070e-01 1.939905354316165953e-01 2.107036487319529083e-01 2.350054291175707188e-01 2.456364688733309043e-01 2.384481975905045070e-01 2.274855196727011419e-01 2.202785246044841605e-01 2.306360997306216021e-01
1.206658759710450557e-01 -3.589669387772609355e-02 3.423785784713995195e-02 7.474289471134432095e-02 8.777055310938841615e-02 8.923981606952269274e-02 1.002131173241168627e-01 1.001942847506276379e-01 1.136509596460671956e-01 1.426543661983706857e-01 1.504131158278350089e-01 1.440157491127024292e-01 1.228875956615622655e-01 1.350266653517993021e-01 1.553195303646829339e-01 1.708345002399765944e-01 1.841053142763139361e-01 1.759113763715952627e-01 1.592511452130185301e-01 1.491289685215587690e-01 1.632557493147385186e-01
1.546477226843623320e-01 -5.404963246431337964e-02 1.211797072317732926e-02 5.880596975573559870e-02 8.380434693705030025e-02 7.723812406068664149e-02 8.926199413313251618e-02 8.296267158318282320e-02 9.743419031359801252e-02 1.250243748375237107e-01 1.337175992902213117e-01 1.196506536257014863e-01 9.786289449037099963e-02 1.101910303155542170e-01 1.329361369166596196e-01 1.647497402878700390e-01 1.778617562879276637e-01 1.639407935226537827e-01 1.499438426217584164e-01 1.383236885789195236e-01 1.507124096459810936e-01
1.958622098101967524e-01 -5.519481182771279748e-02 8.075086592525204665e-03 5.352167201302560073e-02 7.827865541490686141e-02 7.198940812440501880e-02 8.486434606221304744e-02 7.599004374387952065e-02 8.769571745859949807e-02 1.133112347815576904e-01 1.237434956224270355e-01 1.126872519716186627e-01 9.040483846431646153e-02 1.047983653434181317e-01 1.363975820213598755e-01 1.686816656424384719e-01 1.866716011350315618e-01 1.785546980034310449e-01 1.593404563850642219e-01 1.492939393956610461e-01 1.663990600534466235e-01
1.746622854007163772e-01 -6.366546214893364919e-02 1.883679464019061278e-02 5.553186807693699656e-02 8.611131938769589489e-02 7.412791873270596632e-02 8.984203498218068518e-02 8.357672933419502126e-02 1.035593160877802399e-01 1.223968994991109227e-01 1.322195301549661250e-01 1.283386736305649478e-01 1.080960361351137600e-01 1.280118379843574461e-01 1.730773812399644118e-01 2.069245717125706152e-01 2.269275542305978499e-01 2.285091917121913063e-01 2.141066792207323433e-01 2.074681658322528044e-01 2.346432002265088634e-01
1.995799996897525963e-01 -6.324283389795448684e-02 1.344976662127250755e-02 5.866577127165395478e-02 9.207994328111324123e-02 8.813794335484792519e-02 1.149410279417992786e-01 1.102754705013084813e-01 1.362751373697269619e-01 1.485361295150194882e-01 1.705448649682360651e-01 1.767884336726941452e-01 1.589940837361247805e-01 1.879787109233379550e-01 2.497922708444492157e-01 2.959698256259264415e-01 3.306776003449296564e-01 3.374651713626528604e-01 3.219867793724476845e-01 3.171689172144134261e-01 3.514912802943774839e-01
2.443339143833249683e-01 -6.536117328691970485e-03 5.688812877671689527e-02 1.086667254606814570e-01 1.606985212522238360e-01 1.710798081575908292e-01 2.126083909378533310e-01 2.344051537343219138e-01 2.859274350329081837e-01 3.118312681211827808e-01 3.599780789780571144e-01 3.982042497259267178e-01 3.896047845811716481e-01 4.349337594459904421e-01 5.238301625235509684e-01 6.102502874252647702e-01 6.793427861145480140e-01 7.086527954327586087e-01 6.910013176735088081e-01 7.065075048381829204e-01 7.801652131098832932e-01
4.213934338636916577e-01 1.643656877898158619e-01 1.963482165353320763e-01 2.702992557024427311e-01 3.226012352055096510e-01 3.918740306018489994e-01 4.850722902777138135e-01 5.732944996256090775e-01 6.780529495993440348e-01 7.189721609037659222e-01 8.572949097333352197e-01 9.670613130466542140e-01 9.835798056258798772e-01 9.893985560900571130e-01 9.919773837438615738e-01 9.948711238905509902e-01 9.952601338640073569e-01 9.931731421690508377e-01 9.862892697822041033e-01 9.748497984213261303e-01 9.906375150464846735e-01
