2.994317146859687639e+00 3.069391018766792989e+00 2.963228446021924700e+00 3.053865503492473987e+00 3.272089141760152309e+00 3.204692813123545925e+00 3.787162577911585171e+00 4.170422552226893842e+00 4.583081382438771278e+00 4.794879171432688381e+00 4.858604276042592041e+00 1.733280737298150953e+01 1.697128465284355769e+01 1.960601368269639622e+01 2.018120813062877517e+01 2.198755243829688411e+01 2.441125601152571178e+01 2.611592472435002676e+01 2.743435801654537087e+01 2.852761127224254878e+01 2.976310658419236432e+01
3.003425826162766210e+00 2.966242968807419000e+00 2.938721621473557644e+00 3.063877324200220631e+00 2.854847105379353156e+00 2.336335233128950417e+00 2.461057715472084073e+00 1.852567287650189964e+00 1.648562878840602597e+00 1.352305210139881142e+00 1.214102405959282871e+00 1.189666745804053738e+00 1.249466072896887603e+00 1.200959888888033955e+00 1.169212636933327110e+00 1.110572124616470591e+00 1.068098069011967466e+00 1.096265688526190329e+00 1.391345034941390946e+00 2.017920578231369610e+00 2.155604019964239004e+00
3.017421690834301007e+00 2.941576515246494772e+00 3.021417066667353879e+00 3.087294288510417317e+00 3.146579254495952327e+00 2.884167043878365089e+00 3.618962506872498430e+00 3.011329722263956565e+00 2.480917065501534680e+00 1.731655688084857037e+00 1.698369492607971543e+00 2.157250320875168548e+00 3.223121508266635349e+00 2.865284588999934989e+00 2.576507918747052095e+00 2.050883389322590844e+00 1.955290481166541250e+00 2.342420200972072042e+00 2.692460482545937506e+00 2.970353757511250858e+00 3.057042296241736956e+00
3.000799208466210732e+00 2.938849188240899579e+00 3.028188196527960230e+00 3.046984320061199014e+00 3.322943493942983384e+00 3.075333961962148255e+00 3.835421030705112866e+00 3.489233364503227630e+00 3.178529111431160903e+00 1.946745732973091059e+00 1.955348843816134163e+00 2.518439631165691583e+00 3.476147654464116332e+00 3.148307370230529312e+00 2.729730621876330865e+00 2.495353024871443282e+00 2.279434158764148233e+00 2.519048628748287388e+00 2.815991533872855168e+00 3.020060940060659949e+00 3.019058301029933666e+00
3.027384446996322698e+00 3.023075367171135230e+00 3.020754059587640761e+00 3.046686664614062678e+00 3.303020434980395770e+00 3.162477301705670651e+00 3.955191074423302755e+00 3.770919473956942269e+00 3.323159177532811537e+00 2.080039171067158854e+00 2.009559375868719577e+00 2.705897664205735964e+00 3.453185581649895752e+00 3.127618244760368871e+00 2.674965461323687510e+00 2.043957305284039627e+00 1.815355109418270496e+00 2.170874626590710399e+00 2.426397869290156439e+00 2.654876005029199071e+00 2.699963381983282229e+00
3.002924907741466143e+00 2.969697599772298968e+00 3.043789968351569009e+00 3.055008350417740548e+00 3.371238214034685488e+00 3.167709453068278780e+00 4.078208028668999674e+00 3.488527733817875731e+00 3.050694777005264147e+00 1.894033693319552514e+00 1.909511170088826759e+00 2.443113785523293391e+00 3.216708035575171376e+00 2.939167753771382952e+00 2.389192704770772835e+00 1.765539333570378622e+00 1.484547284385149268e+00 1.791920716638123467e+00 2.180769722180739389e+00 2.414965461179357842e+00 2.417205937766069734e+00
3.029544839342018570e+00 2.959416801646868933e+00 3.005535589534541696e+00 3.090998975275896399e+00 3.298958446245823684e+00 3.320498349882031519e+00 4.193031960752440668e+00 3.367688120123009110e+00 2.702639907055535140e+00 1.755239917815689443e+00 1.742196788999832657e+00 2.015109345843099309e+00 2.960144049356677520e+00 2.693272285447835035e+00 2.018515826727611540e+00 1.470530025053322198e+00 1.232070328672924875e+00 1.542606934332472424e+00 1.955326267524914785e+00 2.205301895810142909e+00 2.164762620582850072e+00
2.974459454634387434e+00 2.972332483634700484e+00 3.033981005457081714e+00 3.052743149467732398e+00 3.240278494968295675e+00 3.374992556214318817e+00 4.142769788995454228e+00 2.918166237828502929e+00 2.254519821250635214e+00 1.629771055306877381e+00 1.598001125375624776e+00 1.850994571965311142e+00 2.871104487758904256e+00 2.703957498212088861e+00 2.088836178617303752e+00 1.640322776694150164e+00 1.412772933322604452e+00 1.779031745707961853e+00 2.304129156170201309e+00 2.582903323313213040e+00 2.516633308596413876e+00
3.011866660808624196e+00 2.960947314207553305e+00 3.026553779329855587e+00 3.072187041745571889e+00 3.176251051778804513e+00 3.275048336106299640e+00 4.042447051036734962e+00 2.690587636020553841e+00 1.970807777577553432e+00 1.475868059324231041e+00 1.455560068148872510e+00 1.759446647355224158e+00 3.219368184571993474e+00 3.358543636822930445e+00 3.142976050445581926e+00 2.808313335668652044e+00 2.586031660140525990e+00 2.963871744239509276e+00 3.536647883590852359e+00 3.710726262449695945e+00 3.508887773010122224e+00
3.005065845860839691e+00 2.942583934303917292e+00 3.004103868092232510e+00 2.926912868988098548e+00 2.841554438955239181e+00 2.871820286885027329e+00 3.306035908913665278e+00 1.974886625973842014e+00 1.458495851749044503e+00 1.221435678594489760e+00 1.236650467824753186e+00 1.385666100781445031e+00 3.436529270316424078e+00 3.978521724465097886e+00 4.115329318615066789e+00 3.954857748124043226e+00 3.902325664995510479e+00 4.369304089796757218e+00 4.855049332384982819e+00 4.898102320080210959e+00 4.569764484387260239e+00
