-3.371069696837471485e-01 -3.423015347749636672e-01 -3.406657023653971716e-01 -3.378304395864722420e-01 -3.322138825853163113e-01 -3.315955359592005491e-01 -3.280256260896802778e-01 -3.238782280275071535e-01 -3.210627798007282818e-01 -3.180871375731325612e-01 -3.139095140508927351e-01 -3.095748459861021873e-01 -3.050430794373745758e-01 -3.002743159961018260e-01 -2.968073389189679334e-01 -2.861979371035973108e-01 -2.764554120614761135e-01 -2.757480266854288598e-01 -2.673045781469344795e-01 -2.609421692300371576e-01 -2.536152754389696118e-01
3.023288748031005557e-01 2.882393512749580888e-01 3.049772263702428821e-01 3.211448416645371062e-01 3.273849765999473083e-01 3.329697547170475946e-01 3.389319207523765476e-01 3.458140403886570402e-01 3.519934065367890108e-01 3.592842378295894035e-01 3.659020592214324297e-01 3.711984927890126240e-01 3.762991998462369980e-01 3.821841880458782259e-01 3.886100321525338130e-01 3.927977772447466820e-01 3.984934363901697085e-01 4.026529356010255523e-01 4.055427806195681661e-01 4.092341539842254683e-01 4.136561987285368724e-01
5.590247489021273886e-01 5.412823260473896836e-01 5.514989897699529298e-01 5.605005004107866950e-01 5.633937342843204910e-01 5.672880706613941948e-01 5.706032392461369840e-01 5.728143150432591924e-01 5.770497624777857215e-01 5.830600137834910379e-01 5.874728848859986918e-01 5.891523927126001148e-01 5.900812443703902233e-01 5.922046311310780187e-01 5.949419599122491853e-01 5.984466036438061964e-01 6.016718437924915008e-01 6.025918580663215396e-01 6.025000337687973495e-01 6.040184394900944831e-01 6.082953449776002941e-01
7.528545013200192981e-01 7.319887297718105090e-01 7.388825857428845678e-01 7.479230903866491698e-01 7.477189479365397018e-01 7.498712956865790646e-01 7.507219199786900887e-01 7.508335468493348985e-01 7.537625752875473095e-01 7.589336305708760388e-01 7.612685051413727866e-01 7.611550408159218906e-01 7.616952592741786932e-01 7.620917453164481881e-01 7.642603266947523011e-01 7.663895022058830886e-01 7.682823914366545548e-01 7.682287547785475734e-01 7.667110708147758524e-01 7.672031286057059418e-01 7.710042332383566510e-01
9.229848662082151822e-01 8.975575579369402535e-01 9.023942086477165780e-01 9.103940629300634191e-01 9.114467757910300616e-01 9.113901153724763837e-01 9.119609732122813117e-01 9.106393633038928348e-01 9.134631813175748682e-01 9.171994498311559774e-01 9.193741031035529421e-01 9.183092141608915071e-01 9.178849119141972990e-01 9.180772330835559325e-01 9.200198771656934449e-01 9.225850028025565086e-01 9.247913987919151868e-01 9.240610150187740235e-01 9.228155261402324339e-01 9.230106686307355535e-01 9.276648301424830212e-01
1.100997437809337454e+00 1.059447293669518952e+00 1.065073405571713039e+00 1.071916073871581832e+00 1.072674592453407350e+00 1.071447968415362606e+00 1.071069124078931400e+00 1.068664123466830596e+00 1.070680279767846965e+00 1.074248768331867998e+00 1.077541670816987596e+00 1.076456328639132876e+00 1.076329941377905275e+00 1.077515585984776703e+00 1.080676943691409875e+00 1.083567472314172830e+00 1.086637597509964026e+00 1.087056874134874285e+00 1.085976857513863747e+00 1.087114477202254958e+00 1.092301914010977537e+00
1.265112193206630486e+00 1.232681161055289021e+00 1.248898509357823094e+00 1.250916424276952821e+00 1.251087356063141032e+00 1.248959188023415212e+00 1.249051334158377546e+00 1.246946304310343479e+00 1.249921245915808221e+00 1.253661250380858405e+00 1.256286878401187579e+00 1.255884314535401503e+00 1.257606484725928286e+00 1.260292283884871134e+00 1.265916004374689541e+00 1.270847815040851758e+00 1.275612302568030376e+00 1.278294805678307666e+00 1.278966610278854832e+00 1.281601797568611145e+00 1.289459823358973134e+00
1.506282270254788447e+00 1.464788538085763037e+00 1.483072733129580989e+00 1.486649872179846676e+00 1.487000668054404340e+00 1.484444530718044275e+00 1.488541155069098565e+00 1.485594318879227993e+00 1.491945788155837782e+00 1.496380524285973346e+00 1.503295869723328293e+00 1.504932872397363397e+00 1.509083249018163375e+00 1.515758887805468191e+00 1.525606335974948546e+00 1.534112262614773181e+00 1.542568192232768309e+00 1.549605083947042772e+00 1.555473214491609912e+00 1.561331202352389536e+00 1.570676182232984441e+00
1.878695102328298061e+00 1.847500810613953215e+00 1.868285994258595650e+00 1.877728066173109944e+00 1.885634325883742690e+00 1.886619816037972575e+00 1.893872676344490635e+00 1.899434611378940874e+00 1.915451247390256739e+00 1.929162210498095664e+00 1.946401486903865496e+00 1.956339173506565166e+00 1.971246710041701267e+00 1.988599583448773078e+00 2.006417984980034763e+00 2.022711804285200365e+00 2.035064878374158504e+00 2.056265100235035614e+00 2.073726884317569130e+00 2.083563457323823975e+00 2.093809376302496972e+00
2.449995033022537960e+00 2.418517628722326673e+00 2.445821158159881659e+00 2.474308581649200534e+00 2.497342150779562342e+00 2.516308756730758045e+00 2.539573567763521833e+00 2.571498813071192213e+00 2.614556759259508478e+00 2.643053338231255989e+00 2.684708855326141119e+00 2.705589491262180513e+00 2.733146912848550159e+00 2.743773263683629171e+00 2.717438443390950198e+00 2.683080887769409451e+00 2.653249661449556207e+00 2.656778601782910698e+00 2.670551437934713057e+00 2.648284258355790399e+00 2.619379480766780954e+00
