1.715741340907428122e-02 9.964321320069585361e-03 9.308714001893734352e-03 8.120478624499398793e-03 6.975940343399906519e-03 6.543142400369495425e-03 5.369899985755984678e-03 5.253863925806815868e-03 4.280218845671122235e-03 3.132711077889981620e-03 2.960106015817013173e-03 3.250461296123718057e-03 3.216192827535286486e-03 3.732403078686867808e-03 3.116379603808521262e-03 5.411205956836955683e-03 4.378330604469596495e-03 7.570004286568424341e-03 8.011020990677596154e-03 8.394643607379142017e-03 8.142055764333617704e-03
1.741883168806713719e-02 9.471883547710786833e-03 5.404670451213684779e-03 4.043040622661355117e-03 3.193493105520120792e-03 2.593849049316391750e-03 2.215584054284629786e-03 1.766281270255652897e-03 1.524480917703713518e-03 1.395524699066898753e-03 1.280334143488513982e-03 1.206520554710423200e-03 1.109480532434258719e-03 9.916307979766188826e-04 9.290569519336084811e-04 9.326457667722336644e-04 8.477631798133914657e-04 7.966093119908308371e-04 7.667077342581254821e-04 7.275727438497532834e-04 7.064683552211877774e-04
2.083029174807110237e-02 1.282449096637230425e-02 7.492674775503840347e-03 5.696316334154638734e-03 4.369796985113074891e-03 3.584919184637545483e-03 2.836210981138081403e-03 2.382576032466113530e-03 2.134841025722232673e-03 1.876638162803110754e-03 1.679595259976558383e-03 1.532943459939897736e-03 1.405784525996219003e-03 1.268772836905959506e-03 1.179755767384023726e-03 1.115611109674323302e-03 1.047886889543599848e-03 9.758095454748677566e-04 9.071096101557046256e-04 8.438296395865774267e-04 8.214400929982232672e-04
2.718391782202139728e-02 1.547576501568277522e-02 9.651283600204748833e-03 7.211795109278665988e-03 5.292010296478381545e-03 4.333464707539474471e-03 3.596889630742423818e-03 2.890862857126359157e-03 2.451441069053439132e-03 2.228635451631981457e-03 2.002355107200795917e-03 1.839692264526761800e-03 1.636730029680179841e-03 1.563082552820932187e-03 1.466265868676123671e-03 1.333610011093338751e-03 1.228411852311649425e-03 1.189556196118308476e-03 1.116000106639590842e-03 1.029614697265294424e-03 9.836152313068889739e-04
3.292945807150829407e-02 1.889113095532924183e-02 1.065444945776525959e-02 8.287709055633469060e-03 5.993951551190137769e-03 4.806420403334403686e-03 4.049091719340850229e-03 3.333055749392309190e-03 2.792417260214282576e-03 2.561433608608938966e-03 2.269240924698391702e-03 2.053174614124982263e-03 1.924905587998667527e-03 1.742519657428983314e-03 1.652724147229201000e-03 1.548231406004288522e-03 1.402556174003174181e-03 1.309821421884986006e-03 1.267897698776600419e-03 1.186983291802755098e-03 1.151620305995943328e-03
3.611059272862157665e-02 2.154346432613857623e-02 1.287729782490614448e-02 9.553813068072600917e-03 6.984105368375614735e-03 5.770070952075110997e-03 4.845282501557910890e-03 3.851423504113056940e-03 3.405452459324072052e-03 2.986684165009462558e-03 2.732092186766831802e-03 2.476936152660689540e-03 2.243657344495842473e-03 2.088917556441974126e-03 1.899496354934848523e-03 1.782523975488725654e-03 1.708179578637481020e-03 1.507967409299062556e-03 1.473099074206033962e-03 1.390939854788976688e-03 1.376948216118690019e-03
4.243917911618744210e-02 2.461946024113819548e-02 1.442050423329564734e-02 1.083472464402851325e-02 8.336051654211137224e-03 6.595254847448591383e-03 5.313848815844117446e-03 4.764988038893636958e-03 3.960821656310590730e-03 3.574374064164084156e-03 3.143325861801583420e-03 2.951838361483698041e-03 2.711945701154892287e-03 2.442161588544567666e-03 2.344182898794765820e-03 2.229704516975104973e-03 2.101630820846279134e-03 1.958844499803339290e-03 1.801803996361105642e-03 1.739771283246211841e-03 1.726303561456855179e-03
4.940946482354598157e-02 2.903219838399145533e-02 1.701398396345715422e-02 1.289870760856311714e-02 1.011792645583570703e-02 7.848621309364424772e-03 6.664296624257905026e-03 5.572728082902733172e-03 4.889368403302820666e-03 4.471030262626067564e-03 3.952279175860465461e-03 3.656842653655470888e-03 3.514084788389413867e-03 3.253563838076561823e-03 2.947807077715306184e-03 2.861056568465797281e-03 2.705019768119517557e-03 2.528523835973716001e-03 2.438237610375298698e-03 2.429184563644944551e-03 2.237416436533153693e-03
6.037413030469634262e-02 3.560292228944263171e-02 2.106676261511577011e-02 1.705059996552956564e-02 1.227504053752866489e-02 1.023075388891357858e-02 9.022258355272967309e-03 7.835487717006166600e-03 6.993005428841889137e-03 6.546947348753262390e-03 6.017042100906244521e-03 5.773378237527591363e-03 5.380929110454233007e-03 4.962992283547773206e-03 4.989231068485981864e-03 4.739937980676071222e-03 4.625683147710705004e-03 4.636331581636745323e-03 4.351114268438846348e-03 4.276901427495248022e-03 4.262657973324725930e-03
7.244800113167933209e-02 4.528910624979661653e-02 2.815366527449842185e-02 2.205605576790390515e-02 1.729143683199658998e-02 1.455291069927164456e-02 1.323153482237554926e-02 1.235326248124201352e-02 1.120565509412744729e-02 1.078824019372783168e-02 1.068496874536922596e-02 9.412123447061819526e-03 9.567798427755045548e-03 9.321237324018632683e-03 9.203172991890107291e-03 8.860629601676347708e-03 8.959494090092164770e-03 8.634760753546109197e-03 8.728412958297265822e-03 9.049568580370530302e-03 8.344044454703934341e-03
