-1.334827315957577198e+00 -1.341735260969459720e+00 -1.324479852549347747e+00 -1.321521296272450963e+00 -1.364316667880298040e+00 -1.338262559760564185e+00 -1.351773970080994758e+00 -1.347956614256303087e+00 -1.375106147409726365e+00 -1.382129937100571526e+00 -1.379794268325484685e+00 -1.257534876518282108e+00 -1.424541844309534122e+00 -1.156866208952564978e+00 -1.245113057493980380e+00 -1.134905918303801720e+00 -9.049990629361315264e-01 -8.714433808802052317e-01 -8.464287615330742254e-01 -8.223450512242885813e-01 -8.056237668797308071e-01
1.514996280046554400e+00 1.828556891697162845e+00 1.584057946070176248e+00 1.394241965184968013e+00 1.349585986270818605e+00 1.318703889767349091e+00 1.258915096703567382e+00 1.206639937659305106e+00 1.159998009526034268e+00 1.119093971071902782e+00 1.080863741351258511e+00 1.046549764120966453e+00 1.002075187576423332e+00 9.648493407313167847e-01 9.214926164488373983e-01 8.951281363952930947e-01 8.635443976928128818e-01 8.350875855451362906e-01 8.124835753994803511e-01 8.043241699327792205e-01 7.787551827574138441e-01
7.883875482366085041e-01 1.004891622785688332e+00 9.169140444530162748e-01 8.564527534926491548e-01 8.408623106965791294e-01 8.276535707358185778e-01 8.057308122664168515e-01 7.965207220195673621e-01 7.734733625576144522e-01 7.468262229731994495e-01 7.269778557660714347e-01 7.231950533047908358e-01 7.341564930583915904e-01 7.187238339903812001e-01 7.005461208177669041e-01 6.750017845589938448e-01 6.620568526389987163e-01 6.673509193547759732e-01 6.770797253683258354e-01 6.816532090343132566e-01 6.678824396686975362e-01
6.183120806141716441e-01 7.467084096947587124e-01 6.898880214853357895e-01 6.532203291553457802e-01 6.441628528368117390e-01 6.413229685635670752e-01 6.330458466521780014e-01 6.329007603356777700e-01 6.209814419314440004e-01 5.965448831325784740e-01 5.893655893032130333e-01 5.938114150154290005e-01 6.080984715103426863e-01 5.992880448664915649e-01 5.836546044773301967e-01 5.713307202168290688e-01 5.607401723588429920e-01 5.664230641822906032e-01 5.790267142663554356e-01 5.856482543322627521e-01 5.730609354753406492e-01
4.835296866796312543e-01 6.201050027424950262e-01 5.777415154239444739e-01 5.458641190160309353e-01 5.309411535368028234e-01 5.345634524661575515e-01 5.273193045897758280e-01 5.317506770416172701e-01 5.216943310534712941e-01 5.036996487400531297e-01 4.975867140494212304e-01 5.061864022550350839e-01 5.189822311247338504e-01 5.117369764516668251e-01 4.976970440319060107e-01 4.779843074345199172e-01 4.694889037385100994e-01 4.777646565225742714e-01 4.864074623130780206e-01 4.929545324873171874e-01 4.834463938017938833e-01
3.858077423549614027e-01 5.257294820103882715e-01 4.915775510164336337e-01 4.660422652914127939e-01 4.538472345759607118e-01 4.574775666948882602e-01 4.511600539110356411e-01 4.564965319527098386e-01 4.499386909866467943e-01 4.357946244264410129e-01 4.294688210745833956e-01 4.353172470106955183e-01 4.462844978445880129e-01 4.386769946624157201e-01 4.219822019143120162e-01 4.051000260778324646e-01 3.952370582213577954e-01 3.990101717275096882e-01 4.087520855068285108e-01 4.132388125905407938e-01 4.029445769603970939e-01
3.444259134721973648e-01 4.548939069871696939e-01 4.144668016106300423e-01 3.987023819310580031e-01 3.857562810000451647e-01 3.914207072062366177e-01 3.846949149083504493e-01 3.880809466110878847e-01 3.786404009445480945e-01 3.696058156577320952e-01 3.647100067665522971e-01 3.665125846919990993e-01 3.744757477779438459e-01 3.653131357760518449e-01 3.448979003544536681e-01 3.295508609049505599e-01 3.200150414318393977e-01 3.186865979256336412e-01 3.244736504262967225e-01 3.265437281843067696e-01 3.133885466212701365e-01
2.807497177083803086e-01 3.829660975499745157e-01 3.513410772302671958e-01 3.342747004250792298e-01 3.223879961197126387e-01 3.244084398228930244e-01 3.140392093013019692e-01 3.161793193667296054e-01 3.056923827816703243e-01 3.004677142727380512e-01 2.914019216596048234e-01 2.888412001254795358e-01 2.942602372354129470e-01 2.828510376792360836e-01 2.596723116412007482e-01 2.423355815286436510e-01 2.291354129149033858e-01 2.257815256603833975e-01 2.301835886999615000e-01 2.309345071906409863e-01 2.180152880743769783e-01
2.119052136685556365e-01 2.876990852513530150e-01 2.666148923932246118e-01 2.507399406977237066e-01 2.350420064012442301e-01 2.320205265949871198e-01 2.194950062072365538e-01 2.128249525567264822e-01 1.968517247893538380e-01 1.883380938951330075e-01 1.736484411066344380e-01 1.624207628369767620e-01 1.634919976650535678e-01 1.500603399556474371e-01 1.253174514988321664e-01 1.017249382106737154e-01 8.320229422816931286e-02 7.481146268936833543e-02 7.868595766402948499e-02 7.439323248372915753e-02 5.543704460961597358e-02
1.245790444054016288e-01 1.826859577248809152e-01 1.733660416400898685e-01 1.557531760820770050e-01 1.432396311410934209e-01 1.275944173066866916e-01 1.070587295066559308e-01 8.762309849183416710e-02 6.501529577946396632e-02 5.614175988291514319e-02 2.806885894078324159e-02 6.428660372270707420e-03 3.172152260087563163e-03 2.040374407473869497e-03 1.559051251513565066e-03 1.009177830653927360e-03 9.432109069547168307e-04 1.356958773491653229e-03 2.711224807219115261e-03 5.014868206600670182e-03 1.887296586925384925e-03
