2.262776849437990734e-01 1.593369652531990699e-01 1.782523991682672670e-01 1.607678038503091433e-01 1.442512260351449249e-01 1.405228364601223412e-01 1.149035255062184485e-01 1.164517581570684718e-01 9.657295845843306970e-02 7.122103513386363050e-02 6.821511637645988335e-02 7.767322763856436552e-02 7.943844832417948365e-02 9.427067834534566537e-02 7.880456077891903610e-02 1.423490421544117701e-01 1.183791834073577576e-01 2.145524773772717608e-01 2.330523966728980101e-01 2.510682646720764355e-01 2.534164642169724480e-01
2.655795162627572759e-01 1.569661188529151152e-01 7.752451224343950842e-02 5.012795552594158377e-02 3.927569802591254766e-02 3.144679759810944941e-02 2.726931013008200566e-02 2.041834996342980005e-02 1.628849569709206122e-02 1.375419823588790343e-02 1.207980883091183157e-02 1.089161784272854767e-02 1.012519169913419712e-02 8.907253542615569189e-03 7.869504122787808822e-03 7.521125812191113875e-03 6.711860523284543349e-03 6.384666236817258290e-03 8.398092020169348193e-03 8.544972048284806346e-03 8.104489421693240533e-03
1.438450554799611536e-01 9.011597256846978765e-02 5.055797205550858348e-02 3.513456285847318256e-02 2.770758887163851658e-02 2.306352679495048824e-02 2.057084430907674122e-02 1.908030101690516220e-02 1.721929952198183664e-02 1.199164793703797263e-02 1.143499823651859468e-02 1.321396152925839729e-02 1.321130319475659343e-02 1.127308278485155552e-02 1.063210934264687685e-02 9.849150485953793790e-03 8.887748533739544751e-03 8.352900673774006982e-03 7.711129378051510830e-03 6.933370090656085401e-03 6.896016581681579244e-03
1.255473147034672499e-01 7.418703528687878301e-02 4.356797400300131684e-02 3.197655043282887632e-02 2.426145561605708850e-02 1.996527293630138283e-02 1.874398214318677425e-02 1.800427509501463866e-02 1.733177232567653311e-02 1.203413987154495525e-02 1.150266908572009257e-02 1.251842744671899724e-02 1.177268701787911875e-02 1.078274723534118802e-02 1.008845918770166251e-02 8.912599155959944827e-03 8.153286976684581341e-03 7.656718428886393271e-03 7.168751237509760239e-03 6.678339449041565366e-03 6.123808187032053589e-03
1.170333926079203529e-01 7.108963695940417882e-02 3.767307587142021408e-02 2.831097771199678551e-02 2.142064418087424524e-02 1.846243322887853797e-02 1.658784457971845469e-02 1.577627525331116651e-02 1.629181342075138733e-02 1.171824320821003920e-02 1.109328713838849019e-02 1.191274122796965804e-02 1.110675058881101934e-02 1.006298969931381307e-02 9.103257727250489012e-03 8.452526046980771840e-03 7.350627975816845065e-03 6.805560575384944980e-03 6.749852460805169825e-03 6.136045779464316570e-03 5.772495392764729477e-03
1.048884467933778319e-01 6.559591199184172661e-02 3.631747401269119074e-02 2.630510101445923676e-02 2.030731898364268595e-02 1.740750732644761115e-02 1.583824488328818350e-02 1.573564074165215154e-02 1.560253542698161223e-02 1.040605000294959198e-02 9.966978188839950223e-03 1.131607964063632496e-02 1.062556879602609416e-02 9.531068173032055876e-03 8.756988259607247430e-03 7.670567675895937840e-03 6.550741808565077422e-03 6.570111937538153889e-03 6.314642815450324971e-03 5.643702145273082199e-03 5.552825681013204978e-03
1.012667055885308753e-01 6.116563885537997652e-02 3.340480910356924404e-02 2.507673801658959201e-02 2.060897892446595867e-02 1.647357598788477123e-02 1.476961140712145133e-02 1.558643091181712362e-02 1.426478606363124936e-02 9.375723849490010323e-03 8.747394846214309044e-03 9.725461697529726168e-03 1.011956193603164196e-02 8.868786001666384075e-03 8.372612249320416505e-03 6.673546075545929573e-03 5.079745904286709843e-03 6.211493792272404155e-03 5.865053292300635365e-03 5.421288594485767706e-03 5.399638964866964978e-03
9.570772295271229302e-02 5.776305897233666165e-02 3.228818463763121621e-02 2.388968514629044929e-02 1.931517002021857984e-02 1.603835158897054525e-02 1.428990417512743423e-02 1.381978032834732875e-02 1.178785106898169559e-02 8.652792260593908727e-03 7.997344351826593881e-03 8.757013806939004455e-03 9.686925265424518178e-03 9.106688367859050448e-03 7.927105981715249286e-03 6.810226703078377589e-03 5.781263447763452211e-03 6.123698151257998649e-03 5.658699927958538677e-03 5.320642415742303857e-03 5.049701684459911681e-03
8.787868054357961256e-02 5.385209985351800677e-02 3.012454062069290506e-02 2.377073690021740474e-02 1.779579799302340171e-02 1.519388232605253970e-02 1.367714130066842448e-02 1.297254988231019181e-02 9.857542843604703842e-03 7.893194427708910901e-03 7.240321816209847189e-03 8.067854976452151078e-03 8.847159576478457257e-03 7.991407812255314075e-03 7.349282394532312586e-03 6.916687704432732120e-03 6.099484890198397270e-03 5.945242832137509828e-03 5.362306204208286409e-03 5.038856173945982161e-03 4.737920965471651910e-03
7.525131200211082616e-02 4.927328156489867855e-02 2.834804440230118128e-02 2.151118064622338164e-02 1.620869621484351264e-02 1.363662047087076980e-02 1.250268907679855795e-02 9.912653744307654141e-03 7.418527366194337287e-03 6.830207930360517390e-03 6.301395223794099137e-03 4.633935885476338570e-03 2.959106779590449897e-03 1.951300925296405248e-03 1.619041092008565146e-03 1.049628473623121991e-03 9.537099892681991098e-04 1.149517360248634382e-03 2.479319366134053858e-03 3.741406373872552347e-03 1.721207301078847606e-03
