1.476729280796418298e-01 1.336487852472926230e-01 1.279519562043902603e-01 1.391740949728441645e-01 1.578717268117225681e-01 1.395619192810882980e-01 1.519265782319265679e-01 1.595383194815015448e-01 1.596791976833122906e-01 1.648445607773739718e-01 1.779451283974347042e-01 1.872972535770642821e-01 1.898408485673906965e-01 1.932845057672926137e-01 1.803672864504504147e-01 2.804582687639638472e-01 3.607702260755477619e-01 2.663220527875285182e-01 3.172269191439427427e-01 3.336312735820765596e-01 3.546809171780345160e-01
1.255141503826284755e-01 1.246719306691179696e-05 8.059348891312367869e-02 1.531292074531078740e-01 1.634556234023611943e-01 1.685936168725121753e-01 1.914881844647751130e-01 2.092828260603406543e-01 2.272935570712329989e-01 2.382158601571610079e-01 2.511628566825204745e-01 2.647122012532825419e-01 2.862453483457855219e-01 3.015930963727120329e-01 3.222819254139146494e-01 3.337176656645617356e-01 3.482828011025748127e-01 3.632887439807757080e-01 3.759894775603362937e-01 3.768107131053961556e-01 3.900739248809521609e-01
1.599852705328914659e-01 -2.918293962743923053e-02 4.022206375897385833e-02 9.152268555205478329e-02 1.049351261008462100e-01 1.106544608704842503e-01 1.294048515684655953e-01 1.368885382055226030e-01 1.550771866920876985e-01 1.753751369073680566e-01 1.909921258877809169e-01 1.934344406296442109e-01 1.793836890695286179e-01 1.938613193993693473e-01 2.106967732850288932e-01 2.349964219188521719e-01 2.458508865663329157e-01 2.382768506774153305e-01 2.271846772662345915e-01 2.202343245773407121e-01 2.312351836431929542e-01
1.302633276206938140e-01 -4.146141057007768360e-02 3.408054637557955679e-02 7.371978329892447945e-02 8.949395613822186402e-02 8.924663018557943417e-02 1.014149004350283212e-01 1.006232508476201382e-01 1.137457884299102329e-01 1.431814013818984987e-01 1.509235475305575891e-01 1.436509339458821310e-01 1.236298384682870122e-01 1.343170728829119476e-01 1.557976151102719031e-01 1.713714560608436965e-01 1.841852436721721498e-01 1.760749855775343153e-01 1.588703355430832742e-01 1.492750006386138750e-01 1.631018697706126952e-01
1.581048899446769740e-01 -5.021784415059515894e-02 1.045699736968563887e-02 5.829239036392730444e-02 8.504435081867556256e-02 7.695951668764222653e-02 8.877802161861392261e-02 8.250173587184594926e-02 9.654774186508319200e-02 1.246057520755163850e-01 1.340372278847241638e-01 1.189166119537439226e-01 9.645801959757149824e-02 1.102150231001972625e-01 1.329650031959390688e-01 1.639891698372296647e-01 1.786726274038376028e-01 1.639832293204713798e-01 1.496364967794624468e-01 1.381543407573380122e-01 1.513173793490134589e-01
1.952213974961322096e-01 -5.479298231116502826e-02 2.732339515619575110e-03 5.352420200812679774e-02 8.085190327623636986e-02 7.160069502869270686e-02 8.371084851473975519e-02 7.427731094178335880e-02 8.711694958330695737e-02 1.124785399411233344e-01 1.247403240986130202e-01 1.122965110246877396e-01 9.068114270511096198e-02 1.052943023049467408e-01 1.359793796400428079e-01 1.683598907451991922e-01 1.868590159552824259e-01 1.780912594696997253e-01 1.593394288354040844e-01 1.496378448222731583e-01 1.660120971246352717e-01
1.695044431928588446e-01 -7.302525199423981483e-02 1.500838010606231343e-02 5.659165286078604584e-02 8.647591653345243490e-02 7.611363765709078244e-02 9.109187028131360275e-02 8.415868059376219179e-02 1.026241506516842872e-01 1.225428297819814993e-01 1.329046886708652453e-01 1.291971701196696909e-01 1.077397764494723020e-01 1.276419927303555912e-01 1.724486445767882126e-01 2.081190610914961381e-01 2.278393172785526666e-01 2.291226663919875284e-01 2.134928447956427888e-01 2.080245595360034061e-01 2.339564424565651057e-01
2.028570664233008136e-01 -7.362422124383649624e-02 1.182952149845717393e-02 5.723606799863500960e-02 9.010204735097882001e-02 8.712567939433824016e-02 1.171218889567271493e-01 1.089008996617720770e-01 1.365845809219621287e-01 1.482407578179946173e-01 1.713519240439684843e-01 1.773154159045050582e-01 1.598823730357942230e-01 1.871588363521621279e-01 2.494749091722450185e-01 2.955845044295005719e-01 3.308478792354229148e-01 3.374911594341630794e-01 3.219595102593683089e-01 3.179240931557165695e-01 3.513947862342589046e-01
2.248638447100340665e-01 -2.488053354706476483e-03 5.586415238381714499e-02 1.150219238909609976e-01 1.621011778123416791e-01 1.700358098643852678e-01 2.137143895280861905e-01 2.347822707377081874e-01 2.863613041644432755e-01 3.116826829477767902e-01 3.614245448569972652e-01 3.987259548106977247e-01 3.894775793972271583e-01 4.353877944759720897e-01 5.237948005570199905e-01 6.105787396281718848e-01 6.794122880169107814e-01 7.097598462253361662e-01 6.908289567918315388e-01 7.075177622328492344e-01 7.791946344045715955e-01
4.095653010878218536e-01 1.719371712642616679e-01 1.921664618783457401e-01 2.678455253832268124e-01 3.241014416962547662e-01 3.910436891942763449e-01 4.842274881648048757e-01 5.717594999553912150e-01 6.769684834563889364e-01 7.183053734913414923e-01 8.564962974145383656e-01 9.659401445496064165e-01 9.828668840381975524e-01 9.889217257143994022e-01 9.917413483695866061e-01 9.944524550212591185e-01 9.951137831016213520e-01 9.940331128783829184e-01 9.857937305336369471e-01 9.758146024380909278e-01 9.912377286568683221e-01
