1.878385157030856289e-01 1.285094223606784158e-01 1.388286142896072439e-01 1.235481910621525348e-01 1.084383325690455452e-01 1.052232021995212347e-01 8.526294918101874620e-02 8.506054817416500158e-02 6.992169856322143218e-02 5.112812382907162140e-02 4.830440379824989944e-02 5.407081695497597401e-02 5.443260926398812982e-02 6.363528993802868017e-02 5.290135636378939799e-02 9.075782771612130040e-02 7.210120274611631075e-02 1.321830006913172761e-01 1.384383921895545044e-01 1.455082100189068472e-01 1.424321818206148171e-01
2.024413767647846307e-01 1.185433643529688330e-01 6.106875587140696282e-02 4.114862589171228158e-02 3.251107473538642628e-02 2.630632436319677026e-02 2.278851383835452798e-02 1.741068091817573812e-02 1.420456386563176930e-02 1.231742068148256909e-02 1.099090294355177348e-02 1.004646480280806976e-02 9.319993340885823416e-03 8.259000994252824884e-03 7.411782835560854453e-03 7.176807951622196299e-03 6.451687625604609136e-03 6.128252989053435337e-03 7.629603502425010009e-03 7.730369573511370294e-03 7.390572772583960982e-03
1.835862987147556524e-01 1.167602012255324201e-01 6.584367971503844730e-02 4.652720598491401349e-02 3.650501262782155504e-02 3.039793257606614521e-02 2.655632850345682888e-02 2.428824174140617118e-02 2.194336999497059626e-02 1.589528521272339998e-02 1.503502569546341996e-02 1.684192153121318383e-02 1.671855539782104300e-02 1.437005329057368559e-02 1.354436021954371835e-02 1.258850407438734040e-02 1.144054030812312675e-02 1.076571863175324051e-02 9.962029608880398207e-03 9.020354490665249275e-03 8.982265567959970415e-03
2.104038190192660807e-01 1.248595580230055374e-01 7.358122992110914529e-02 5.422364287057100662e-02 4.079904197701435253e-02 3.361595874089479824e-02 3.095393802359579574e-02 2.906353834615480955e-02 2.762298334681900086e-02 1.981234177663670701e-02 1.881657612407825614e-02 2.011475142799662441e-02 1.886520036057012101e-02 1.733772142373807973e-02 1.622120964552723962e-02 1.437753690530326964e-02 1.316720739362021650e-02 1.241532368279534698e-02 1.163331375258720539e-02 1.084484413158895433e-02 1.000920884883930301e-02
2.346044639048477654e-01 1.429418004549750654e-01 7.606486412187313251e-02 5.738377236019794048e-02 4.299109908150400977e-02 3.673379840002392177e-02 3.269416328690830792e-02 3.056539081472717592e-02 3.094524895874570247e-02 2.279915266000554636e-02 2.145201959489975024e-02 2.268728912916158705e-02 2.120155560226546360e-02 1.918485771953819599e-02 1.741842987142714488e-02 1.617110613893102400e-02 1.411928981196071929e-02 1.309464454968563459e-02 1.296456590237270688e-02 1.183410246064794252e-02 1.119474190440879202e-02
2.450944929277991957e-01 1.530590282414371339e-01 8.531103101205822492e-02 6.183491677027960071e-02 4.723736236717294978e-02 4.032137152749178804e-02 3.627119104117114412e-02 3.518257722982278540e-02 3.454005526849953517e-02 2.363769858219303549e-02 2.255827590024132856e-02 2.511145927000030600e-02 2.355414888264512063e-02 2.118357293495459759e-02 1.944058339439866043e-02 1.710853204643681888e-02 1.475882895526082518e-02 1.466581381082992901e-02 1.412715346626703186e-02 1.270712882051448778e-02 1.253788446672798179e-02
2.704810586820447504e-01 1.642187694752285654e-01 9.038101291748674992e-02 6.757760297450582376e-02 5.491582122488319201e-02 4.384321691928528414e-02 3.880354892165516906e-02 4.030651223505126585e-02 3.660979103833828657e-02 2.476141671480780806e-02 2.298092448094635892e-02 2.517768179850713925e-02 2.602537032094486003e-02 2.285789990747895406e-02 2.160483367804975907e-02 1.745076581837943716e-02 1.354357131099604913e-02 1.621826028971479899e-02 1.531379329165125959e-02 1.423308036511884526e-02 1.421134885057603187e-02
2.991632688217229497e-01 1.815147316757512730e-01 1.020222561400623978e-01 7.543909284775693336e-02 6.058419075805249188e-02 4.991419280653958818e-02 4.423587034906695942e-02 4.222343704124210256e-02 3.613546037501784436e-02 2.706560665400457866e-02 2.494651703866513151e-02 2.695686231919417267e-02 2.964055566674340947e-02 2.788586786445845789e-02 2.435308566408309408e-02 2.109943952653232924e-02 1.806228244046103465e-02 1.905186466763598985e-02 1.773196193437062002e-02 1.679351445610510057e-02 1.594448288379981746e-02
3.375706187324595264e-01 2.077360803128427691e-01 1.172313415885253701e-01 9.256558639157068391e-02 6.900347734496392604e-02 5.878657022663748288e-02 5.280038126033314433e-02 4.982077850102480110e-02 3.836338044441827549e-02 3.117325070654630367e-02 2.866254529226588618e-02 3.166509966806670129e-02 3.469424487196479112e-02 3.150478980029867287e-02 2.910957394677748250e-02 2.740765691863425793e-02 2.423610719231639177e-02 2.380607500242024402e-02 2.170765080564631549e-02 2.048292668236163100e-02 1.923656563939132869e-02
3.666100958678796262e-01 2.411868650763863697e-01 1.406039061813160185e-01 1.073243612799255342e-01 8.133824707078478322e-02 6.850551361716829268e-02 6.281814288839268623e-02 5.033083338567529569e-02 3.811686458188914134e-02 3.533777107069478035e-02 3.260928021004246696e-02 2.386202082601802596e-02 1.537638970160616798e-02 1.017688740945009787e-02 8.360003587264359937e-03 5.351703759036145758e-03 4.808622073406494668e-03 5.803074054120204925e-03 1.258554605536730230e-02 1.884696904291230726e-02 8.566087105143590022e-03
