-4.572641040334310958e+00 1.033610056859094328e+01 7.211777538406440868e+00 9.812126534521578236e+00 1.011260613053448409e+01 9.585947840589264857e+00 8.490291699203673659e+00 1.747771911606426087e+01 1.489084364372744140e+01 1.482388142105408235e+01 1.679542920228945491e+01 2.091413272803605850e+01 1.821183972944718832e+01 1.452053350392101017e+01 3.351686340304358680e+01 2.084188075128672679e+01 2.783238422863526651e+01 3.774232157502770235e+01 4.419607849184204440e+01 5.591720847192987520e+01 7.322912456430935890e+01
-1.205476747038092961e-02 2.775495294950782288e+00 2.506543702437603827e+00 5.558083737363628707e+00 4.914699047686838185e+00 5.283978714539303567e+00 6.041824627829883276e+00 8.490712663457049558e+00 1.227809502229568395e+01 2.154062190227935503e+01 2.695348485717497056e+01 3.080095950052582054e+01 3.452851004184151407e+01 4.070687695140586726e+01 4.700609384302696014e+01 5.793884984526993520e+01 6.903975069639359674e+01 7.363546913396183413e+01 7.544472137614749840e+01 8.001929440546263095e+01 9.471339797891417334e+01
-2.858670648176181352e-03 3.571086707013917838e+00 1.645049408976422711e+00 1.711402851479318254e+00 1.325226467989674140e+00 1.364792261847721955e+00 1.574781559284939236e+00 1.807641363881287822e+00 2.643051846348390299e+00 5.587161577630883613e+00 6.458090078211734308e+00 6.313604976566415061e+00 6.550397806208192897e+00 6.826354525059616485e+00 7.931181206277193141e+00 9.671687521978453717e+00 1.119783722469917286e+01 1.114544763600037847e+01 1.120644674868613322e+01 1.220847674301893271e+01 2.023165507182018530e+01
-5.504228850964765565e-03 1.859020931044553793e+00 9.850581056351387366e-01 1.030604477601877678e+00 9.047039571085128129e-01 7.875759606329053586e-01 8.416134114295357183e-01 1.009824634683999411e+00 1.240819958468545536e+00 2.710345987603127949e+00 2.733240736918220559e+00 2.661699591534879783e+00 2.958165904764678888e+00 2.953924732010696719e+00 3.660284207652901411e+00 4.229309477938454798e+00 4.407645919624947339e+00 4.357384711458251125e+00 4.987040448281472749e+00 5.165910972658143585e+00 9.125177678022042826e+00
-2.955681513014235626e-03 2.257305347907075710e+00 9.801267423458104311e-01 9.372813443114431653e-01 9.313850677253919796e-01 7.580989317807128591e-01 7.435672591961700606e-01 9.475370957932306437e-01 1.121204234641825392e+00 1.682813611236015250e+00 1.692695356293989706e+00 1.827392046781604495e+00 1.967347076048498788e+00 2.046500173115713306e+00 2.605560004496138671e+00 3.665355057756340074e+00 3.869059349964916628e+00 3.986563976209716476e+00 4.487589292564919674e+00 4.623232656693469167e+00 8.790946869131301966e+00
-1.153424316028886119e-03 2.490758760082319334e+00 1.013140734350728378e+00 8.644120082953616890e-01 8.816348702537518678e-01 7.106746715965167605e-01 6.734933904207585087e-01 1.172289181279979609e+00 1.171231097890486073e+00 1.625123351589274900e+00 1.785803735900304723e+00 1.867431920649454291e+00 1.986115262042104535e+00 2.119270023758738297e+00 3.146247100179630607e+00 4.124160149368202077e+00 4.714333409948773479e+00 4.697384869413583353e+00 5.073870072340782578e+00 5.394492282843099673e+00 1.026833193239540698e+01
-1.674048820011919507e-03 1.916627885737627102e+00 9.428834202664401198e-01 8.033498354614339032e-01 8.161821416391182860e-01 6.564069463337994792e-01 5.804462230511482357e-01 1.226236032496922590e+00 1.315824108520330160e+00 1.674088552966458643e+00 1.691483048702034253e+00 1.690952106726258064e+00 2.057597294696370760e+00 2.471491910721648644e+00 4.339575179461045984e+00 6.230432122037142584e+00 7.278772530750019953e+00 7.654705247347096453e+00 7.931446103340658915e+00 8.563996427147879231e+00 1.434119520604277120e+01
-2.127792695132984472e-03 1.644146654759400583e+00 7.928760655590249007e-01 6.741637278104501974e-01 7.495447134645802922e-01 6.287676636711838629e-01 4.637158496932451968e-01 1.314486741955782190e+00 1.609603926008823738e+00 1.905961664154276036e+00 2.419998014444809886e+00 2.443389932973882406e+00 3.088471006679435416e+00 4.287213573751907703e+00 7.590360220967347082e+00 1.165243418879717474e+01 1.449202814897146752e+01 1.568900757930383705e+01 1.761638715136397693e+01 1.966440819890857483e+01 2.653817195716689881e+01
-2.980738679946157675e-03 1.016106221930221709e+00 5.767081864788476953e-01 5.402334922797855654e-01 5.704197395667948145e-01 4.900478725414019743e-01 5.651778589241692741e-01 1.517648553619739493e+00 3.027945198916311753e+00 4.513068263831002014e+00 6.719850453920310329e+00 7.828876015799949073e+00 1.120688831476431524e+01 1.571153581491525486e+01 2.532195215903465879e+01 3.731083559080018830e+01 4.637931651569175528e+01 5.476915981972235414e+01 6.376179646389703493e+01 6.995987712961346006e+01 7.810673664067381594e+01
-2.655243718092734767e-02 1.049176874604928811e+00 8.285843514322154268e-01 1.029856484974540631e+00 1.152370906340155710e+00 1.469304546200523198e+00 2.780032123590760573e+00 5.981157799343520765e+00 1.456469931569828269e+01 2.362298087197729402e+01 3.727195954679136491e+01 4.569003208401854010e+01 6.112186150060419720e+01 7.452815476474212630e+01 9.744113438402649763e+01 1.231027761485665479e+02 1.425373168763978526e+02 1.608010758733281023e+02 1.805656607952499826e+02 1.842008374010980560e+02 1.840250785123618869e+02
