3.029544858317155143e+00 2.912389158499161024e+00 2.930814246161119296e+00 3.052397503437726645e+00 3.311949042285864397e+00 3.293904840914112064e+00 1.775300295578459142e+01 1.402739313424654455e+01 1.515036021499874686e+01 1.414757472076410849e+01 1.540710195988346776e+01 1.568567327478396756e+01 1.707130374230976599e+01 1.844547328135183051e+01 1.811077156948007527e+01 2.044569197818161399e+01 2.201346980060917602e+01 2.405896900654006032e+01 2.527345225213551316e+01 2.629500818026940223e+01 2.814576693105414762e+01
3.010860017552348999e+00 2.979164237461129350e+00 2.987425597391495824e+00 3.064952356506915443e+00 2.861138191259997132e+00 2.347033066793409617e+00 2.539565086920610337e+00 1.913373683478917453e+00 1.668606204218006983e+00 1.371379283008649530e+00 1.240928723009701473e+00 1.206534404229282487e+00 1.333988371254419381e+00 1.250179106626632564e+00 1.197437936480457488e+00 1.137597466475752217e+00 1.093454136842958446e+00 1.180277083929240911e+00 1.978570702297381301e+00 2.433171838632989914e+00 2.503972643605673731e+00
2.989693248842574924e+00 3.021188074407280322e+00 2.950988874421478059e+00 3.040654608889307386e+00 3.163266521341933313e+00 2.826906459072745292e+00 5.082480353794310624e+00 3.023714486310602467e+00 2.402203737863111144e+00 1.690894431770116668e+00 1.746452815438449324e+00 2.408534201379180395e+00 3.486304302936018118e+00 3.105533389344921957e+00 2.708273408681837413e+00 2.205591375206707117e+00 2.166227493034866391e+00 2.543358719646005017e+00 2.891863013844170993e+00 3.134074975875206892e+00 3.207944746369831623e+00
2.989759108639947982e+00 2.950135971669940016e+00 3.019247337599934689e+00 3.094834412734221551e+00 3.251369234959266219e+00 3.060445257071666258e+00 5.840538345390213770e+00 3.672365515778410749e+00 3.030536221220319071e+00 1.895983404461028199e+00 2.056463033420167896e+00 2.840610550634778519e+00 3.673994219381818915e+00 3.328759331722947579e+00 2.820233559901649922e+00 2.572679785837002964e+00 2.442996287592290816e+00 2.697487254851260285e+00 3.022955586260605010e+00 3.178170884196826140e+00 3.166661864257264813e+00
2.989351462028299267e+00 2.950668669385877685e+00 3.022741540809894101e+00 3.032052426170023463e+00 3.308446760860491498e+00 3.189334690114238313e+00 6.354709845911117760e+00 4.056833235536573490e+00 3.149206563913313772e+00 2.007083913447942791e+00 2.136133135503837543e+00 3.033587250125223900e+00 3.707869139357834687e+00 3.312668278016702939e+00 2.812718553443186664e+00 2.218826539569855427e+00 2.072682600265579378e+00 2.431087311094096926e+00 2.717956991565069202e+00 2.883371910823060436e+00 2.892965919774392880e+00
3.034973251722033805e+00 3.008170138470846133e+00 2.981820050221246632e+00 3.099223011921595106e+00 3.353451382045762319e+00 3.257800834507241117e+00 6.850903004553666520e+00 3.767754035210401309e+00 2.933819047746085484e+00 1.872065818726350361e+00 2.062296930203545653e+00 2.870619696773301754e+00 3.527030337123274517e+00 3.194606630530900215e+00 2.644686095524483083e+00 2.066343566259123854e+00 1.888004924606464963e+00 2.246944257237115217e+00 2.583943060645666812e+00 2.755073389803869954e+00 2.735120995743411054e+00
2.986013559996754552e+00 2.971100812427200477e+00 3.041825540372678383e+00 3.117167391514791053e+00 3.355398406351274065e+00 3.391615361682815966e+00 7.041158035095570256e+00 3.581501455852738047e+00 2.669197735449303721e+00 1.753540886167372026e+00 1.929202650094094418e+00 2.513738093033959231e+00 3.385763395720156499e+00 3.078637647033810598e+00 2.451512865687416554e+00 1.920027562776514873e+00 1.737456888706334857e+00 2.239910210506430577e+00 2.570214940610395349e+00 2.719748317807866744e+00 2.656040915815072179e+00
2.987348454720580637e+00 2.985513425000346555e+00 2.981928138182374344e+00 3.026972564609923033e+00 3.317974172644017283e+00 3.454113002037731306e+00 7.041625813559317493e+00 3.153749250400766702e+00 2.343885411548181530e+00 1.698400692364956832e+00 1.875190716731835350e+00 2.587208562656491129e+00 3.513238910046049046e+00 3.282258042620970873e+00 2.776832838242032420e+00 2.437890812024130938e+00 2.360664946170269562e+00 2.720091134076931816e+00 3.087252642705623273e+00 3.251818663231449413e+00 3.155470293126213743e+00
3.031113795616399820e+00 3.012287148626371813e+00 3.023584781772544083e+00 2.997927654719002355e+00 3.188444632206544505e+00 3.345928017310945357e+00 6.871348442206963725e+00 3.084810454438136951e+00 2.253472387134083821e+00 1.656693540428423983e+00 1.955606808494334548e+00 3.105327722487816633e+00 4.222288319224389852e+00 4.247014612534326439e+00 4.043052995236067204e+00 3.798331569965204046e+00 3.715945241515150599e+00 4.059972527746841031e+00 4.481337776850029542e+00 4.566843308590505579e+00 4.348546032900904912e+00
2.997565719137178508e+00 2.990195631229895845e+00 2.910931704165472755e+00 2.940976785225877244e+00 2.887594607875279884e+00 3.129142767448359397e+00 5.168635945124951725e+00 2.342813905335852098e+00 1.694870231807553029e+00 1.315075470541567482e+00 1.565987693612744369e+00 3.395621438230612910e+00 4.846297432674394834e+00 5.192503229082665150e+00 5.263766312132029057e+00 5.152175132888763720e+00 5.151141697367813244e+00 5.504165339196337214e+00 5.907214731073923808e+00 5.880897189860547769e+00 5.532379150386945277e+00
