1.184495652094393447e+00 1.184559928958048847e+00 1.142564576647734143e+00 1.162679793539830753e+00 1.157934831988340685e+00 1.131905963900256662e+00 2.421323215818601327e+00 2.470924635327981012e+00 2.382467931588415411e+00 2.016636805730053883e+00 2.222547431929517980e+00 2.408854506725005340e+00 2.260084644858338265e+00 1.783146782740818059e+00 2.533603989674765078e+00 1.682956354311266889e+00 1.286219105782316241e+00 4.480431187575498186e-01 4.033777489845103426e-01 4.046108818607421775e-01 4.332907873568052071e-01
1.160007909960961481e+00 1.145211670902840151e+00 1.138957082845075020e+00 1.137447983855108813e+00 1.130111807311254379e+00 9.624305791326236426e-01 1.085225859895815770e+00 6.796998458918305230e-01 5.294458840817974909e-01 3.053057496226669332e-01 2.124516177995388333e-01 1.795720576523988365e-01 2.592260287472492042e-01 2.088224792755370152e-01 1.628589130989413214e-01 1.142357233155967405e-01 8.442372215111419720e-02 1.423081773631041658e-01 1.749751660824071520e-01 1.177346526712533537e-01 1.047206151807565794e-01
1.162692139160806493e+00 1.154836260972114115e+00 1.143580649889338829e+00 1.147846562757548927e+00 1.154890186834681476e+00 1.100819155076416145e+00 1.567672265371569784e+00 1.143992704117135162e+00 8.620341698995673818e-01 5.105484597455729467e-01 5.065681364560924438e-01 5.340382093338641445e-01 3.090411299650853150e-01 2.750113298182124133e-01 2.511802016211751032e-01 2.604339537556801809e-01 2.086411441164885139e-01 1.464735922869056239e-01 1.088716139615020784e-01 8.528181274886741103e-02 7.019826450983279731e-02
1.144957303795739678e+00 1.162366029468731687e+00 1.154190981966590535e+00 1.163767622393780288e+00 1.148143784666913580e+00 1.151115815059060354e+00 1.494260736007289925e+00 1.216513077825563505e+00 9.491962877601709536e-01 6.095786116085802897e-01 5.916455950635928218e-01 4.692606269397159302e-01 2.782900089622244999e-01 2.415637098133116278e-01 2.355454872592000759e-01 2.155360395436351495e-01 1.730206565176261591e-01 1.282278761699427727e-01 1.001340168750254195e-01 8.099817631791143835e-02 6.780973866462200461e-02
1.159322531226686603e+00 1.158681951451577374e+00 1.160057038437749322e+00 1.166376797052137926e+00 1.166637767478133636e+00 1.132004185689424514e+00 1.335775526406975722e+00 1.205344035623931109e+00 9.845395707798993978e-01 6.548294714989018050e-01 6.102229378974635132e-01 4.524628356264052687e-01 2.760660545984808256e-01 2.415736715924278466e-01 2.283661000475505631e-01 2.385134261138421585e-01 2.062629996499329432e-01 1.360246451148053592e-01 1.058154092154059700e-01 8.440744812444407608e-02 7.104542782195820416e-02
1.159223747857003772e+00 1.153817325433531771e+00 1.155557507324527666e+00 1.171681066803973437e+00 1.135676350492915487e+00 1.149056644840626085e+00 1.262435091085850614e+00 1.166184134998973665e+00 9.364660705154027598e-01 5.989912040450489084e-01 5.896395449199605121e-01 4.565190259761066072e-01 2.857265243586294967e-01 2.457710452379464894e-01 2.440907203015737770e-01 2.569436058919886134e-01 2.201561977815401638e-01 1.528386569695721897e-01 1.125054708471898562e-01 8.583932825771824204e-02 7.381851641659734065e-02
1.148778230645029375e+00 1.174556243703654745e+00 1.157397330603440855e+00 1.166483508646015688e+00 1.152618673149961470e+00 1.106147827120530724e+00 1.192208157174405203e+00 1.169398129483425031e+00 9.171487430430592669e-01 5.446882773324401850e-01 5.595581147090737950e-01 4.957902477082154480e-01 2.928700828171543202e-01 2.566536695215614339e-01 2.648795375127538931e-01 2.735246913149458337e-01 2.404107550116943437e-01 1.571045872269136445e-01 1.086102399035112076e-01 8.696818530985389595e-02 7.539351247628464647e-02
1.172317950049361901e+00 1.146232183793479464e+00 1.160927343535948841e+00 1.151993576299672473e+00 1.144480028058211252e+00 1.129820512033952618e+00 1.221856449399844280e+00 1.122959929805007251e+00 8.283764491974131561e-01 5.174481724233388480e-01 5.348704640342886174e-01 4.964610248255904024e-01 2.740446421625840623e-01 2.395115857448767704e-01 2.227477077801685856e-01 2.117260034301608196e-01 1.756398132147109770e-01 1.236394566546651363e-01 9.318129301280293764e-02 7.274186705719558332e-02 6.381054589834396495e-02
1.152500139589454520e+00 1.157803574109325995e+00 1.153109870182790209e+00 1.144080642628791722e+00 1.151780928862075504e+00 1.119791283831690798e+00 1.242798250903683677e+00 1.138717030612817815e+00 8.111638411664090498e-01 4.908914860647666245e-01 5.711557839538324854e-01 4.181378684125510170e-01 2.391855195725567929e-01 1.829919416567837853e-01 1.602048638575422068e-01 1.359275555073118091e-01 1.121263332662829626e-01 8.365472621598050995e-02 6.241336363799247777e-02 5.613421122724093770e-02 5.067257913563443655e-02
1.174336710986787713e+00 1.152700039290707634e+00 1.142941574377229763e+00 1.140194573082348173e+00 1.148791397594358665e+00 1.132145231295321075e+00 1.589557331885720570e+00 9.069224149571414317e-01 5.425072726908187759e-01 2.689731932533965808e-01 4.249895111770767842e-01 3.159750176641391017e-01 1.625519792199671409e-01 1.179523714121341882e-01 9.046660757593026625e-02 8.240481591781088910e-02 7.238361031807601098e-02 6.116148249382567792e-02 5.469561799903237959e-02 5.074121736564624757e-02 4.333223086990755507e-02
