-1.883930346801859557e+00 1.979612302378125577e+00 2.672732171914903976e+00 2.401827770699365594e+00 3.111390051453533978e+00 2.863290631693975019e+00 4.308155195628443401e+00 5.973446161487879102e+00 7.591400343759691083e+00 1.066114113912400008e+01 1.392229668123066588e+01 2.165728609166329832e+01 3.161710394497726639e+01 4.281361073253525262e+01 5.478887974664021954e+01 7.089398852654548477e+01 9.519498189126336740e+01 1.290098070846948701e+02 1.598526088747060214e+02 1.869934386148615033e+02 2.263625176146107663e+02
-1.289327940733218415e-02 2.743610516055206006e+00 2.503614165540167580e+00 5.538706641519822504e+00 5.062704650558835340e+00 5.603951421619272288e+00 6.327699225170086983e+00 8.748127127537797421e+00 1.238146183030192660e+01 2.210710085730694274e+01 2.792070364766718171e+01 3.249210334316872206e+01 3.617849271330174332e+01 4.218342977267033689e+01 4.860325011916360438e+01 5.960467762665711433e+01 7.200932421142958617e+01 7.603088362340895401e+01 7.745873597633929819e+01 8.224143178760918715e+01 9.468331930806557750e+01
-3.226576585740974050e-03 3.545582583265979970e+00 1.634122891908052821e+00 1.652685133542638907e+00 1.280590250034923105e+00 1.354783019799347565e+00 1.677929655153492794e+00 1.704322866732294495e+00 2.423787784781472610e+00 5.452561663694496907e+00 6.425727441476361435e+00 6.291576042054225937e+00 6.448116613331882796e+00 6.501932822570174686e+00 7.203154856569409681e+00 8.954990593257317499e+00 1.082369166419149842e+01 1.077712948110102076e+01 1.079716108895760307e+01 1.176123351271303008e+01 1.896120398649315320e+01
-6.563753270133318354e-04 1.822434675689905026e+00 9.953033568351923321e-01 9.848860365370238901e-01 8.421242061133761281e-01 7.526617011253848855e-01 1.036933400576195208e+00 9.488159007813857793e-01 1.083469037098598875e+00 2.593420532715593474e+00 2.626523333604910082e+00 2.509569570188682874e+00 2.788304433572088126e+00 2.690410060367042888e+00 3.133234259251904241e+00 3.633536885447020026e+00 3.978709418148266508e+00 3.897493649647532532e+00 4.413873118243519578e+00 4.643892034750487952e+00 7.954930448282215849e+00
-2.797504969698331751e-03 2.241506014018376458e+00 1.002553231324982752e+00 9.144956555214160954e-01 8.796808880331793423e-01 7.301489985074858247e-01 1.030745874959125397e+00 9.481632819328695838e-01 1.028735571171561780e+00 1.628537262805993313e+00 1.632848858089739785e+00 1.697381801454725947e+00 1.852577774909319297e+00 1.849973093043528305e+00 2.165505988333756182e+00 3.202442177365155018e+00 3.550840537828126031e+00 3.573492433395307089e+00 3.906235910074940421e+00 4.142544404728417007e+00 7.824804663702599861e+00
-3.203797403381875410e-04 2.556916650600552288e+00 1.048116684860390002e+00 8.625626496385164765e-01 8.413937989903558234e-01 6.836761035270293441e-01 1.103350992011511433e+00 1.186417920799397008e+00 1.118318415098130014e+00 1.599520857584071587e+00 1.734751853377297426e+00 1.755878788523376199e+00 1.883706818042080844e+00 1.881157878856184240e+00 2.600127320794095809e+00 3.477636710894971284e+00 4.220004510597858527e+00 4.153416755345193501e+00 4.445395397050187825e+00 4.801462032362394439e+00 9.210776605942722739e+00
-5.133106365706924940e-03 1.931407495296132870e+00 9.039360238257628799e-01 7.844266334802612040e-01 7.614702556272111567e-01 6.205843499425314214e-01 1.041892561704912623e+00 1.207199163224770722e+00 1.220226467679694116e+00 1.626813786236970927e+00 1.611031288841237696e+00 1.549782138392016950e+00 1.916162729438763979e+00 2.106355235287461269e+00 3.568448343256527711e+00 5.303450941241292682e+00 6.572998474665679325e+00 6.899104544581946108e+00 7.157224744788736714e+00 7.841326543796966142e+00 1.355360281339545914e+01
-1.970983504006578162e-03 1.673446006688624754e+00 7.462784156017204795e-01 6.397480618293721610e-01 6.754916996658405504e-01 5.573295526558642576e-01 8.827397404475489928e-01 1.231439775670729375e+00 1.437368004074431438e+00 1.813794179780429339e+00 2.291064539115437615e+00 2.238621087563734235e+00 2.879784352537356984e+00 3.770128501694322676e+00 6.593901385909490820e+00 1.045385768098926249e+01 1.348566280124231476e+01 1.471809927016269981e+01 1.680367679100704592e+01 1.899189738099142843e+01 2.615438216421338424e+01
-1.227481497841293942e-02 1.026696895301529633e+00 5.134164017602986796e-01 4.766877014456255002e-01 4.817824772606862926e-01 3.919358507636892530e-01 8.229609749153177223e-01 1.315322566881582667e+00 2.698759330056323069e+00 4.448526437262152911e+00 6.575579967812646309e+00 7.568425902063053989e+00 1.097033383973460374e+01 1.500381273674651084e+01 2.419471617414916764e+01 3.636880696249988176e+01 4.571668188610511407e+01 5.503802535296122045e+01 6.459812776542733559e+01 7.129010354233774649e+01 8.078828520099403931e+01
-5.204323542772299610e-02 1.087202659550730921e+00 7.686585783198435218e-01 9.764687008478638575e-01 1.150272737376231813e+00 1.385592242023962806e+00 2.703630540692504969e+00 5.742546983643487479e+00 1.448583872523354010e+01 2.520297039593204502e+01 3.902570749291889030e+01 4.615212724374813291e+01 6.174962761872553330e+01 7.464780407141437024e+01 9.761926622493044192e+01 1.247126791981371383e+02 1.441769857973746980e+02 1.633981874823751355e+02 1.813387531120948211e+02 1.847797079726774712e+02 1.841487788935310732e+02
