2.930878359988380755e+00 2.962638790228588004e+00 2.996463224916977364e+00 3.043140508489057705e+00 3.131855977725861884e+00 3.200701995373754105e+00 3.794424798842834790e+00 4.219339345545845887e+00 4.562245990082289815e+00 4.795283760794227135e+00 4.848038652425359807e+00 4.899923098154117085e+00 4.936270402516909961e+00 4.950429195321827791e+00 4.966255801720981466e+00 4.977022443833522658e+00 4.982928676456924499e+00 4.986306216688890736e+00 4.989295571668648677e+00 4.991528750200902032e+00 4.992765324350315836e+00
2.982742889183088941e+00 3.029927748692772926e+00 2.938735480686295531e+00 3.019314470051424060e+00 2.813501024245629978e+00 2.327263490109404032e+00 2.471650731846326998e+00 1.922622760533325259e+00 1.637577398416069308e+00 1.346411876404226549e+00 1.227435185673779072e+00 1.174387313954006862e+00 1.240431326507029697e+00 1.204604577553866962e+00 1.159831999546584447e+00 1.119427467910748986e+00 1.070935264336775994e+00 1.097901958995260996e+00 1.388378499520940279e+00 2.021447375266473223e+00 2.154020483674028874e+00
3.022759041552968373e+00 2.959513645901315826e+00 3.032020304984961001e+00 3.058158245274727349e+00 3.125345645196171862e+00 2.896586032571768943e+00 3.558315468515786950e+00 3.003143551358014918e+00 2.480967917801184974e+00 1.712000307553250611e+00 1.693537953725863909e+00 2.168030652434496108e+00 3.221871180387132494e+00 2.868479708127881000e+00 2.575313122983411862e+00 2.045577405439429786e+00 1.953314117366185432e+00 2.344965656169516244e+00 2.697099099127622246e+00 2.971892854200667955e+00 3.052501747198872017e+00
3.015357741715562589e+00 3.013012000066600304e+00 3.042672958849929721e+00 3.087328711568540385e+00 3.188350331567952001e+00 3.035038703762529266e+00 3.770627202466247940e+00 3.460887563671298128e+00 3.196838241155297577e+00 1.931457031170453087e+00 1.970121024601519499e+00 2.535529432150345208e+00 3.471851669423516640e+00 3.160702817339179127e+00 2.726547462095859853e+00 2.486027437445933685e+00 2.274515940269936198e+00 2.514334022222517007e+00 2.820406716574169526e+00 3.020400152856156595e+00 3.018970196548499185e+00
3.024029892726820989e+00 3.035176805155935131e+00 3.001605801621028302e+00 3.115892568088654446e+00 3.340654495160688242e+00 3.145568013683887720e+00 3.989525399394811433e+00 3.785957166035693877e+00 3.325798618906240733e+00 2.080018050398519502e+00 2.015254850564462075e+00 2.715881988068574948e+00 3.475785457093878428e+00 3.119198147008356070e+00 2.677691516916556935e+00 2.048113507025643099e+00 1.806617471659297092e+00 2.172955992878530029e+00 2.429946011297868580e+00 2.658125181210384103e+00 2.696420601884194745e+00
2.959618913886523206e+00 2.987077258037742489e+00 3.021196779132660826e+00 3.062075276737676877e+00 3.340463346794343646e+00 3.252337755117013618e+00 4.100211901143676840e+00 3.509560638046484549e+00 3.069184428924920827e+00 1.913308194713559063e+00 1.895478244926229738e+00 2.473336443591152900e+00 3.220219372841613747e+00 2.929320507708228494e+00 2.404215439072149962e+00 1.767638469593466377e+00 1.475507452432087252e+00 1.800614177945503602e+00 2.178134989912688724e+00 2.415773424655564217e+00 2.418278411275676554e+00
3.039483964071542310e+00 2.995535698452207907e+00 3.022728185229781595e+00 3.131260659476007735e+00 3.304147291001860776e+00 3.273453399302455935e+00 4.134556183186416156e+00 3.352608018382343236e+00 2.718507355764741007e+00 1.746201021426049937e+00 1.726556353084325091e+00 1.997519851408858793e+00 2.964707174786223920e+00 2.699960369304253316e+00 2.020316895098036358e+00 1.458510826948324901e+00 1.229019379888948604e+00 1.530864752689499175e+00 1.963857516512454104e+00 2.198994667697605987e+00 2.167657808559098509e+00
3.019393873564741870e+00 2.996409190008588297e+00 3.006279182604729705e+00 3.080227870133890100e+00 3.283214294151735491e+00 3.382036297246215906e+00 4.075337990217910544e+00 2.984623817545168922e+00 2.233630455675021498e+00 1.631517307256469484e+00 1.587442777393429649e+00 1.850372535636385152e+00 2.852229086503005107e+00 2.704226440302570644e+00 2.096643426762527351e+00 1.652954182665124616e+00 1.414394395611907829e+00 1.781507710559195656e+00 2.304345300934597773e+00 2.579158032708614101e+00 2.514472509234035424e+00
3.024652107028816150e+00 3.020824938648884572e+00 2.979584730457699671e+00 3.052211272965109412e+00 3.074229438057210828e+00 3.290235525497392732e+00 3.967172051819717993e+00 2.679058856665494925e+00 1.973674479470424181e+00 1.471510166319406121e+00 1.435434543998715728e+00 1.754508706990266287e+00 3.222693771785475114e+00 3.361826475467329267e+00 3.143429987574907880e+00 2.798001990557346996e+00 2.586056910804590547e+00 2.959233402015293724e+00 3.537075943259349931e+00 3.711574740115224369e+00 3.511302045033450003e+00
2.961659978808826477e+00 3.010109596411526756e+00 2.963897045274057174e+00 2.914987753110098723e+00 2.796120552493227329e+00 2.960399957455706499e+00 3.317141780266862128e+00 1.984943486643871102e+00 1.467989771928738474e+00 1.226699864987231159e+00 1.230600686084356576e+00 1.417739035847407791e+00 3.436851591738157019e+00 3.980812710092386908e+00 4.121059776166118738e+00 3.948726898561409460e+00 3.903611983316398248e+00 4.369573569172319871e+00 4.859279552806974323e+00 4.895752267994236462e+00 4.568418930493073127e+00
