-3.376240134462813458e-01 -3.431429296943010465e-01 -3.388380334895170765e-01 -3.372319572019421008e-01 -3.318554510328431961e-01 -3.301406313747864973e-01 -3.268213109818757789e-01 -3.223349558894811895e-01 -3.186602217114751778e-01 -3.152413188681999490e-01 -3.110784258819827564e-01 -3.065610398033773443e-01 -3.011672897602756804e-01 -2.955647189948429343e-01 -2.903852440182165817e-01 -2.845385981228936156e-01 -2.785045887686207755e-01 -2.703457216007317809e-01 -2.638585731857365779e-01 -2.583102079783717309e-01 -2.484695736533572286e-01
3.025431197893531654e-01 2.883605805450478177e-01 3.052435790818817107e-01 3.215454214428959956e-01 3.274594905523278143e-01 3.331906556829529742e-01 3.392853708174400906e-01 3.459847677388956932e-01 3.522733761771621452e-01 3.594865074171205710e-01 3.660359453938178409e-01 3.713010405230962596e-01 3.763898173652793222e-01 3.824163642760170512e-01 3.887730206974325253e-01 3.930076154123542942e-01 3.986544765642243693e-01 4.028051700927177681e-01 4.058707004624031445e-01 4.098432139796518991e-01 4.143239651821197800e-01
5.592622704438009462e-01 5.412617051364128073e-01 5.517290605306426343e-01 5.608154714495064974e-01 5.638435000233834593e-01 5.676005088878026683e-01 5.712616821548133217e-01 5.734430753269157410e-01 5.775307245141799717e-01 5.832960285686460411e-01 5.877532832283749453e-01 5.895406707944802482e-01 5.912931588306444830e-01 5.933419805869777353e-01 5.960192801322790057e-01 5.992386820190290786e-01 6.024826273245464936e-01 6.038746007662714188e-01 6.041604904302748658e-01 6.065829385907476334e-01 6.112531368924914998e-01
7.519631799289846485e-01 7.323018933544316322e-01 7.391409083727252805e-01 7.479916892608405865e-01 7.480047953598647492e-01 7.500748203658933466e-01 7.513781973983099105e-01 7.516154908757849418e-01 7.544559038920489735e-01 7.592344877983882023e-01 7.616008781374077330e-01 7.618280506320087575e-01 7.632171261161454501e-01 7.635895514354641422e-01 7.658013258444581473e-01 7.678646528783441561e-01 7.696577257457971610e-01 7.705168906526180805e-01 7.695620970311353171e-01 7.709157915120778970e-01 7.746566673149373194e-01
9.239625358731502480e-01 8.980171944136304818e-01 9.025826937506813419e-01 9.101149796585568108e-01 9.120699848930597931e-01 9.116477067125119405e-01 9.128716458577705861e-01 9.117430073677724733e-01 9.143948482181789572e-01 9.175559594204616420e-01 9.197685196877333214e-01 9.191468660351763686e-01 9.194735465789456441e-01 9.197162359630345341e-01 9.214166224590449872e-01 9.236507567819940423e-01 9.256289219667992452e-01 9.258823532662832090e-01 9.253384382202375358e-01 9.262569181212277902e-01 9.312990446642067655e-01
1.099070507975432598e+00 1.057726410190501731e+00 1.065053822499807623e+00 1.072301064609773702e+00 1.073122454200081677e+00 1.071625820228223169e+00 1.071753547124852490e+00 1.069637570828732009e+00 1.071369089821084142e+00 1.074598649721191235e+00 1.077726920674389799e+00 1.077053530105549051e+00 1.077748520081198702e+00 1.078829885880453032e+00 1.081902373153893926e+00 1.084480278594427860e+00 1.087319164553891548e+00 1.088360292953369779e+00 1.087785569498439742e+00 1.089517014650303262e+00 1.094826795430748900e+00
1.266135852298287734e+00 1.233845155288669337e+00 1.249714063168085199e+00 1.251275398448137510e+00 1.251733235320268589e+00 1.249552760658025896e+00 1.250284525938386793e+00 1.247871430241907165e+00 1.250651187325935387e+00 1.254069139711473380e+00 1.256660727820002155e+00 1.256425069664482752e+00 1.259012834803912906e+00 1.261773645890960083e+00 1.267035944508315914e+00 1.271304395563095158e+00 1.276043106940408345e+00 1.279144691744551920e+00 1.280334239073734670e+00 1.283215638692866145e+00 1.290921097911961635e+00
1.504981224965366238e+00 1.465012432846583668e+00 1.483746478295141946e+00 1.486915544240397624e+00 1.487140815484007339e+00 1.485082409493476918e+00 1.488809810992817617e+00 1.486616882852949573e+00 1.492390087079344951e+00 1.496758296280310985e+00 1.503249303558371608e+00 1.505234232843166042e+00 1.510396885009049006e+00 1.517195170448933483e+00 1.526341030666063414e+00 1.534720233427512071e+00 1.542968482388231921e+00 1.549825760255165719e+00 1.555960936296345132e+00 1.561899881934098122e+00 1.570364194007331182e+00
1.882754538660636801e+00 1.848341435047450965e+00 1.867292266947992330e+00 1.877896975031841054e+00 1.885864098168907210e+00 1.886744565183025468e+00 1.894349478565090061e+00 1.900138458887411508e+00 1.915810285516158507e+00 1.929650888919209883e+00 1.946246720410752085e+00 1.956616107247968861e+00 1.971451958778688507e+00 1.988125608796397881e+00 2.005375566216981209e+00 2.021378176931479143e+00 2.031904688262068603e+00 2.050975736115597137e+00 2.054712230665789896e+00 2.036399610744609401e+00 2.027545733671610950e+00
2.452334163439759074e+00 2.418338127250119651e+00 2.446865888542883116e+00 2.474252921156827600e+00 2.497320867108328457e+00 2.516577050651848335e+00 2.540333063945703795e+00 2.572205331574730636e+00 2.614483354384848024e+00 2.643371379350193617e+00 2.684727571544657021e+00 2.700954364807957031e+00 2.678857289910167694e+00 2.647629100718235762e+00 2.590522035811577251e+00 2.547949884892905636e+00 2.500712904790859614e+00 2.445137211111476194e+00 2.374633012058842585e+00 2.320568894414319683e+00 2.302277396180849589e+00
