2.223259529321672257e-02 1.623827484523760606e-02 1.556996586838051491e-02 1.352807805096278848e-02 1.290549199230169725e-02 1.285213501727963323e-02 1.154214714967981281e-02 1.008193203558973780e-02 1.052147566052087820e-02 1.001675204363974142e-02 8.366056289676371618e-03 9.254010583490237044e-03 9.268535755065468104e-03 8.454264524725892474e-03 9.372576144430667597e-03 6.552727135785326069e-03 1.033261452738424603e-02 1.181350879213611399e-02 1.167245130886803046e-02 1.010345973258389152e-02 1.120630388679767601e-02
1.905743213623976168e-02 1.113900433810051036e-02 6.295782076280536342e-03 4.445367444244511385e-03 3.502434778927198365e-03 2.813094205598522940e-03 2.357066081576927614e-03 1.971210060684236865e-03 1.717509569442659569e-03 1.542508989617956752e-03 1.418127893762636312e-03 1.294378438505910944e-03 1.217843466737667099e-03 1.123315050047595789e-03 1.031794609604333749e-03 9.756687408382377176e-04 9.435787270805285265e-04 8.769566244585142193e-04 8.587881495360205879e-04 7.983922355897057118e-04 7.557225549034766966e-04
2.534352725054005162e-02 1.434667570760772906e-02 8.326484157715422635e-03 6.109547469349097676e-03 4.699636352735328017e-03 3.800101369821857773e-03 2.972943506068789765e-03 2.508100074796457309e-03 2.184968435742575509e-03 1.989997116688344177e-03 1.764818727301392318e-03 1.606848960206090767e-03 1.513747555957227703e-03 1.374591411786253844e-03 1.259533086492600372e-03 1.164595269385968650e-03 1.086887285642505231e-03 1.054446459989346642e-03 9.712778807385701735e-04 9.328082580720191896e-04 8.726738458285647655e-04
3.005471071011298415e-02 1.737249854075338662e-02 1.042969835532584974e-02 7.667060227618971262e-03 5.659286842495617892e-03 4.632830076242443890e-03 3.747849675216115804e-03 3.141065288372510943e-03 2.625378254599301537e-03 2.435622145823603760e-03 2.193010398242822411e-03 1.923913548636549137e-03 1.777364332564036016e-03 1.644397342195337303e-03 1.500338941101386856e-03 1.427630446893288912e-03 1.325727283079051588e-03 1.218828978491095366e-03 1.136989933357238861e-03 1.075712668422190797e-03 1.010445559481182309e-03
3.590237806261047104e-02 2.067148303453446301e-02 1.226244467670583975e-02 8.909721021999992760e-03 6.677143055882666517e-03 5.268543662076157451e-03 4.485564686611185486e-03 3.629495082896148223e-03 3.098005094742066652e-03 2.814314518811259196e-03 2.491884433077679820e-03 2.286038822907197465e-03 2.125846302931853459e-03 1.901510504950892216e-03 1.730761266319201866e-03 1.629744610325764348e-03 1.467608365395488409e-03 1.356890616160791796e-03 1.320711573856956115e-03 1.273190234093063075e-03 1.170851525238632848e-03
3.924911112752150349e-02 2.425343037278953479e-02 1.393564951283773889e-02 1.044605301064813717e-02 7.523085671500676780e-03 6.018036421605480607e-03 5.063321585988795649e-03 4.134740493417126198e-03 3.702008760551310420e-03 3.354337798892213438e-03 2.961623029515316440e-03 2.622895197505277411e-03 2.370607508122781534e-03 2.151653141456400312e-03 2.032680869812041654e-03 1.865156317994602414e-03 1.792733524649722235e-03 1.688070629183547992e-03 1.563234098277413919e-03 1.515043158982978680e-03 1.445080653108499636e-03
4.693850244127015930e-02 2.679671819194254234e-02 1.602395023709407562e-02 1.184183494893188866e-02 8.767606794764735631e-03 6.952618145458060346e-03 5.693082615937791573e-03 4.905796323599438506e-03 4.291507092763604050e-03 3.865752085054706844e-03 3.505978666022261953e-03 3.174956249583746077e-03 2.889407963102818503e-03 2.650295804828447371e-03 2.457477573113277334e-03 2.311728273395077717e-03 2.257143995568185700e-03 2.059252049637286600e-03 2.009279197860570042e-03 1.879023572658260069e-03 1.793385845416599995e-03
5.360190180746714911e-02 3.124123141906744172e-02 1.837397211849083056e-02 1.403521593370090498e-02 1.043956779090621928e-02 8.120138297318566303e-03 7.140624146283493061e-03 6.165185806074457292e-03 5.236489093180680607e-03 4.722106267312991407e-03 4.327653712610277960e-03 3.992284095140576430e-03 3.721050973893945575e-03 3.479211606812036232e-03 3.212517008070540567e-03 3.052757444977586589e-03 2.999237247279427920e-03 2.805679896168433891e-03 2.613973211946430796e-03 2.578168540239181121e-03 2.476037421696676219e-03
6.725421456422424338e-02 3.964747462807057671e-02 2.309750193345147876e-02 1.764520812165496291e-02 1.348385123926075339e-02 1.105331349041842152e-02 9.514773378471230725e-03 8.342243782082581910e-03 7.357524214822204131e-03 6.869299137877680345e-03 6.332400994896673907e-03 6.101189882721898966e-03 5.642600314632100107e-03 5.453050961790468533e-03 5.164245050672900371e-03 4.875700604153915436e-03 5.021482307365840968e-03 3.445615784369286932e-03 3.043230679585393235e-03 2.882519708334667016e-03 2.714951708197028100e-03
7.948828808012035896e-02 5.122391208792776568e-02 3.068416154082783537e-02 2.427949405659144549e-02 1.843420592411016898e-02 1.544360731597298891e-02 1.436905577387628113e-02 1.277270577789681866e-02 1.183758400610188805e-02 1.166024500861668686e-02 1.021804722155182123e-02 7.760767350459561557e-03 7.134852228053290349e-03 6.700502697880427599e-03 6.129398810180116015e-03 5.765445457436621686e-03 5.285736388371009911e-03 5.045425778827952734e-03 4.635435156845973959e-03 4.339096337175552855e-03 4.096340189433362623e-03
