3.253464099572840329e-01 2.919168491052893666e-01 3.040908875185239224e-01 2.699254382517475293e-01 2.637027285664912957e-01 2.668469126443627770e-01 2.410038816264472583e-01 2.128284071170048197e-01 2.252888499009312040e-01 2.180058297075055940e-01 1.829684799239658932e-01 2.074925433597387958e-01 2.108844328589352113e-01 1.962112016809574866e-01 2.229529923867206165e-01 1.576739101986840697e-01 2.557972975055929354e-01 3.000234771336071637e-01 3.050689620044794159e-01 2.709689211457040336e-01 3.107410238849715456e-01
2.774024946341936415e-01 1.788705170209317075e-01 8.625331332106560278e-02 5.298516663981184260e-02 4.109396390795583276e-02 3.131232799592317817e-02 2.532827104059181406e-02 1.999951700743821462e-02 1.638510634866252244e-02 1.413764206602224904e-02 1.270507432319212433e-02 1.111153167752580891e-02 9.946709531580704561e-03 8.876736463881833641e-03 8.002723110116237090e-03 7.326586400986726845e-03 6.879604306454997764e-03 6.256033862629574796e-03 6.016727805090407027e-03 5.426610475405399189e-03 4.940977645943898239e-03
1.639837056611747335e-01 9.802439192442170823e-02 5.236955902898057097e-02 3.637031242893554867e-02 2.810480066865715318e-02 2.168865394765610854e-02 1.714823624392371182e-02 1.380991813129385688e-02 1.183473059733318455e-02 1.049253354221757993e-02 9.118802088670852415e-03 8.261576355716178377e-03 7.557381599923388045e-03 6.803299108668929389e-03 6.075096097397598982e-03 5.697712245774310368e-03 5.130674953437705521e-03 5.045599404282269558e-03 4.554944917786904642e-03 4.317196122537511963e-03 3.961465846625265505e-03
1.307152511993525668e-01 7.975499988815998309e-02 4.520400623716296779e-02 3.142235779936335821e-02 2.374087699204624133e-02 1.865049354319291142e-02 1.493801946789084269e-02 1.251174918838953744e-02 1.034159703625845729e-02 9.326888744087246871e-03 8.487803785329504913e-03 7.428601451377531660e-03 6.651312369296339538e-03 6.062632615542063591e-03 5.539910005641614232e-03 5.253165095909453734e-03 4.879085212303234040e-03 4.478860402266139108e-03 4.110050417928940228e-03 3.929126434090338994e-03 3.626918449644400081e-03
1.198281331238050945e-01 7.269959818136681462e-02 4.079772219225002994e-02 2.824459796520287225e-02 2.173391243526223357e-02 1.683447676310838304e-02 1.426521097668540829e-02 1.138018808978359837e-02 9.727335777434894387e-03 8.938455974290927114e-03 7.796308471368685461e-03 6.991561772658038548e-03 6.352864086855708123e-03 5.775677161730929758e-03 5.248170182135439461e-03 4.969508248539017577e-03 4.354898926513838149e-03 4.126335557686005955e-03 3.829310872418564739e-03 3.782611600199622167e-03 3.491755496553392187e-03
1.080954880725847611e-01 6.851363233595368640e-02 3.823466281871745059e-02 2.701772445200536360e-02 2.015203876834538443e-02 1.602594996887112683e-02 1.302526706090461131e-02 1.045488392262860881e-02 9.364991350783320387e-03 8.373609498232324061e-03 7.382017001698004850e-03 6.500156541938631113e-03 5.894115437647969198e-03 5.347541145471857577e-03 4.829065605490882700e-03 4.468942525253338273e-03 4.242390143965944597e-03 3.873150446489266249e-03 3.668298976322995932e-03 3.537842042262820223e-03 3.371924879284343788e-03
1.077076428321626922e-01 6.364612362591791361e-02 3.563932219247086669e-02 2.542289156732970706e-02 1.921475842799908254e-02 1.493428318035143650e-02 1.229564150078868261e-02 1.011360368473310407e-02 8.817001387064123466e-03 7.953138807933723617e-03 7.255274534127728082e-03 6.411134124654551195e-03 5.738832310450281936e-03 5.195391346596365048e-03 4.669519175341458814e-03 4.388771695304323310e-03 4.278944958824270652e-03 3.701783277766745525e-03 3.663881539075255264e-03 3.375917337994528613e-03 3.194008594994906993e-03
9.935631104462720742e-02 5.921267974959601443e-02 3.292002689014784933e-02 2.430543266955535048e-02 1.819396071424957823e-02 1.373311626214139547e-02 1.199374690308475065e-02 9.861501621457194680e-03 8.515515343239559581e-03 7.605664703627798215e-03 6.751998858597449589e-03 6.110854878532613610e-03 5.487195509162923895e-03 4.965282700142658809e-03 4.479708082851502349e-03 4.241035334245972684e-03 3.918589726419190525e-03 3.614059577190496982e-03 3.469319437408168501e-03 3.296755898370893473e-03 3.093285649722432411e-03
9.339511538741177010e-02 5.636128316355983048e-02 3.124467863737498061e-02 2.262917311585879374e-02 1.729199717764467320e-02 1.350220924802182469e-02 1.124342472092263422e-02 9.238215554716976488e-03 7.800799929463600457e-03 7.097115046518598196e-03 6.381128215006841124e-03 5.846656348703901246e-03 5.180175416292188625e-03 4.717709777291255284e-03 4.284167161455392642e-03 3.945976466055097637e-03 3.875844033909917226e-03 1.204527601637315429e-03 3.089552240704361683e-04 1.999446119290387944e-04 1.493949034923770097e-04
7.721099789843424710e-02 5.290674723406486174e-02 2.923230638142742741e-02 2.166012429429240577e-02 1.568010137792231681e-02 1.218556944117914036e-02 1.029332646765692381e-02 8.367758895515511885e-03 7.098703519479464263e-03 6.535743938012443868e-03 4.985136343742471374e-03 1.152165333357615083e-03 4.178987799103452247e-04 2.955482732077216066e-04 2.669671885616230287e-04 2.542188721960722130e-04 2.639170172824840521e-04 2.528175244710385004e-04 2.176102497512999077e-04 2.450042999065770040e-04 2.537259356141091378e-04
