-1.320100942538059208e+00 -1.353509527762419840e+00 -1.299904806902752119e+00 -1.407459707377481717e+00 -1.390129840904561265e+00 -1.339055435064779420e+00 -1.401497634083419541e+00 -1.217473011419736295e+00 -1.398782953559022380e+00 -1.342011304581288700e+00 -1.447460169643552286e+00 -1.395672663065651298e+00 -1.396173009415804245e+00 -1.454442616876806538e+00 -1.398741193713946229e+00 -1.518956970247009597e+00 -1.339714883808227119e+00 -1.336266086513129947e+00 -1.335729428775468408e+00 -1.491284330939622205e+00 -1.335223912134869462e+00
1.655953719971606564e+00 1.990238532472752953e+00 1.723090005908121114e+00 1.496927343576156977e+00 1.449355347757172341e+00 1.420171760309610676e+00 1.353804390777965549e+00 1.302164642219064472e+00 1.249435871803358467e+00 1.205426533144043910e+00 1.164066841410878350e+00 1.124274122670043008e+00 1.073528887657082764e+00 1.031712729132618245e+00 9.873969019419670534e-01 9.584321054215005908e-01 9.251579415753403701e-01 8.893435217504460644e-01 8.549326573080313629e-01 8.177761193040639087e-01 7.773936075038031523e-01
8.629318906802416755e-01 1.084278561149943476e+00 9.868938608051350814e-01 9.156970223270666231e-01 8.939052693317555143e-01 8.791449822226619082e-01 8.445669217838583931e-01 8.349953628771230596e-01 8.161466785082508446e-01 7.964465599535701656e-01 7.724735906486676074e-01 7.571122933945243494e-01 7.354739890397410385e-01 7.225704712292257970e-01 7.066101005065583696e-01 6.939349643202618045e-01 6.787895544985329543e-01 6.642567425257395186e-01 6.502791057226124938e-01 6.293779860440662510e-01 5.972473246453093854e-01
6.610715037595155108e-01 8.074926744194738104e-01 7.427276512295915012e-01 6.980705539971099327e-01 6.820629195076470808e-01 6.775891164196978789e-01 6.569792247699246523e-01 6.528758455207905875e-01 6.403462963398609542e-01 6.295942524815490993e-01 6.177934276581894535e-01 6.083107951659121326e-01 5.915892004250559166e-01 5.845272957241915979e-01 5.746859506085952862e-01 5.649928624452313919e-01 5.568386308695058018e-01 5.454144585356640595e-01 5.346762813926791980e-01 5.207759069412747355e-01 4.967296434524431925e-01
5.236440468583121177e-01 6.656023161876457594e-01 6.208880985236276961e-01 5.816936145053822615e-01 5.597278050111202941e-01 5.622952491155787103e-01 5.423257615815124666e-01 5.407604507228541690e-01 5.321109060158416559e-01 5.279031100345893401e-01 5.178779053635544916e-01 5.102107536700174473e-01 4.979185882992190337e-01 4.925767950750791213e-01 4.847330408686555403e-01 4.787803400272295229e-01 4.722899238881776984e-01 4.636218655107038900e-01 4.549491982355102770e-01 4.428767260412186935e-01 4.227955566626787065e-01
4.240742126362102571e-01 5.683670871836146166e-01 5.272746994241959140e-01 4.956932196000823909e-01 4.759780374282545634e-01 4.782291953553173824e-01 4.595930738429414575e-01 4.643161379429476265e-01 4.580711969553272200e-01 4.551878345665399395e-01 4.449027028828652641e-01 4.381352054290664211e-01 4.265363985534626479e-01 4.190266109142213313e-01 4.106611040731509288e-01 4.052414892659191858e-01 3.981557008099597117e-01 3.899436565667033228e-01 3.815891918178108133e-01 3.696143647162102308e-01 3.516244665263556501e-01
3.780917441087983111e-01 4.929372469744297547e-01 4.438537113240998977e-01 4.217534806835477879e-01 4.048449981827088595e-01 4.052639940010264175e-01 3.863092568521433456e-01 3.923136760029437009e-01 3.858634416641071874e-01 3.843085905067872843e-01 3.766080677468544580e-01 3.701252348313407992e-01 3.555554807905780268e-01 3.455743693281083107e-01 3.360375093682968495e-01 3.278704890260452642e-01 3.197156870968643205e-01 3.072914869984188502e-01 2.964924667097699751e-01 2.838673576134256860e-01 2.664976532357734573e-01
3.083318223751764786e-01 4.124869372760400221e-01 3.739781664682855222e-01 3.536471224462363616e-01 3.357104790022468754e-01 3.324602701060903609e-01 3.114173231297738265e-01 3.191075741320110182e-01 3.109212666539140635e-01 3.087727851423155423e-01 2.963582535491418035e-01 2.863424509220774961e-01 2.685467329826115024e-01 2.546192056550724558e-01 2.399286271703842954e-01 2.266985179930003091e-01 2.135479260316270056e-01 1.971135664093915663e-01 1.790663811715582365e-01 1.597787765035210417e-01 1.430278304953352397e-01
2.331440115276454117e-01 3.088225360885294979e-01 2.839904801598231443e-01 2.611850806729812402e-01 2.415742237049019470e-01 2.331318087885669299e-01 2.101070468061567997e-01 2.073685975235182999e-01 1.933307466886698411e-01 1.859521543799054488e-01 1.671431029389407186e-01 1.470051912303680652e-01 1.168222188567291653e-01 9.046781553972137180e-02 6.456218974127810040e-02 4.295676464610411610e-02 2.256743833456329590e-02 1.329099875546073395e-03 3.062388976341621138e-04 1.937879016897119707e-04 1.493152727686626537e-04
1.378107187923197641e-01 1.949570374588760480e-01 1.822027129873083906e-01 1.606543591493566625e-01 1.415253273212936647e-01 1.207077907281953882e-01 9.182855475972488690e-02 7.531882327053399107e-02 5.159462649734150586e-02 3.909663785871016206e-02 8.899003151104863812e-03 1.212633477653405397e-03 4.203198704607501906e-04 2.914353341498716627e-04 2.718801149814251031e-04 2.594911214799975967e-04 2.579568734612800785e-04 2.388419704539444441e-04 2.200284211264739043e-04 2.394929132146829680e-04 2.479370482162698386e-04
