1.861236339790496297e-01 1.279588577084397050e-01 1.353694641740258164e-01 1.223297526438021365e-01 1.041702188373790777e-01 1.010364569520677269e-01 7.595963269206515434e-02 7.048784095131371830e-02 5.218334923218342219e-02 3.584530866392034859e-02 3.066142779012822131e-02 3.062472051493409994e-02 2.923248040776907364e-02 3.120241900872624749e-02 3.248068575215379977e-02 3.770291645550270104e-02 5.680677688646787460e-02 9.062088271288341879e-02 8.759036068553775756e-02 8.805686587501977691e-02 7.832883430470637121e-02
2.012200276933618914e-01 1.197582988101841273e-01 6.220959864151158480e-02 4.024742866024096782e-02 3.244062063846107208e-02 2.407250441477682204e-02 2.059134368313264574e-02 1.596546197692942995e-02 1.330884041435289461e-02 1.206788732835827049e-02 1.076791824903066373e-02 9.601829478498608017e-03 8.754760166576851591e-03 7.882723675759734094e-03 7.309881976393762561e-03 6.679728354114759445e-03 6.031035501830666994e-03 5.732056357209741951e-03 5.369032674812117788e-03 4.953657249966829552e-03 4.682027435186635056e-03
1.942539951070978155e-01 1.186282631954019839e-01 6.646740704342998796e-02 4.617997916679985465e-02 3.585640574050329155e-02 2.773690174179338150e-02 2.177343289833843717e-02 1.788457989470546017e-02 1.572792842959237075e-02 1.392856549073995080e-02 1.235176257531303903e-02 1.094202462570607187e-02 9.851771625229733056e-03 9.172428041714128510e-03 7.908321778373989669e-03 7.545961588492286487e-03 7.295210129861551089e-03 6.453799533307030996e-03 6.165414007916906851e-03 5.728665413340880593e-03 5.342091844063754855e-03
2.146547331858865149e-01 1.262953792633757788e-01 7.226677502668718556e-02 5.100844220578509142e-02 3.874949292826470465e-02 3.091937813342104935e-02 2.430809224946763394e-02 2.026914557311330217e-02 1.714984642905849690e-02 1.575275337469832920e-02 1.407887021684789582e-02 1.226868268663313874e-02 1.117234875611154005e-02 1.024438995367433700e-02 9.226949403209826553e-03 8.657069936043339936e-03 8.147627271843671873e-03 7.330170867936795787e-03 6.688096076072475721e-03 6.463520296936698696e-03 6.118980826323532594e-03
2.330528834835644825e-01 1.357389940106800141e-01 7.676607866733770047e-02 5.633907632437460539e-02 4.247234488130784830e-02 3.350726854383398456e-02 2.719976910628389005e-02 2.276805259470581280e-02 1.897109438248554408e-02 1.704165343045196263e-02 1.518269853617334672e-02 1.349899132373239864e-02 1.200473189927345544e-02 1.133350527953577019e-02 1.038936329345617818e-02 9.496407146497092347e-03 8.915604913099946932e-03 8.305658089781026848e-03 7.639988075505484144e-03 7.336449287670761439e-03 6.813242696051378597e-03
2.467524848374959556e-01 1.484744774952072022e-01 8.542973575499239469e-02 6.130174874156144732e-02 4.766242618596606972e-02 3.653985558115286497e-02 3.030573239301032409e-02 2.528391711396656139e-02 2.063652653576521223e-02 1.896912109807755153e-02 1.688940157474933326e-02 1.509959276389850717e-02 1.354027677666477109e-02 1.253837856700211126e-02 1.128266855932455806e-02 1.016618311507896076e-02 9.377184702991720605e-03 9.322815871545497152e-03 8.529240991964901278e-03 8.228550896091852904e-03 7.607939161670873932e-03
2.764416767259288421e-01 1.635001451471718159e-01 8.891453577395748431e-02 6.720339507365831466e-02 5.032982699600725002e-02 3.988564363130053109e-02 3.329280702857810581e-02 2.578560612980163036e-02 2.286469437480180555e-02 2.074209975861170119e-02 1.932044596772622413e-02 1.697115357523795720e-02 1.554655178983239266e-02 1.374888193885258174e-02 1.233688400946470962e-02 1.204376121502890445e-02 1.128586012495964679e-02 1.047083371726696341e-02 9.793715574661774476e-03 9.070578021808956698e-03 8.446387546444285299e-03
3.033657003230430527e-01 1.803218767344617335e-01 9.777777703706219681e-02 7.641275272861308698e-02 5.802431443667652178e-02 4.500612188603526909e-02 3.576222824667551342e-02 3.035547204529626467e-02 2.592714802026548776e-02 2.293275488174923230e-02 2.186859225913984767e-02 1.957579143780685538e-02 1.788722716779821489e-02 1.572782398612449298e-02 1.441031982575450600e-02 1.360379284757440126e-02 1.242455300972182715e-02 1.163637361069821095e-02 1.112877701623302650e-02 1.028894496195654519e-02 1.018128277874092748e-02
3.399743390126705456e-01 2.152906572578492661e-01 1.184301006167127607e-01 8.939863346102630559e-02 6.658678365791688425e-02 5.162165779759708695e-02 4.383913750610313881e-02 3.580434974083086808e-02 3.106437718322261829e-02 2.774227869195308380e-02 2.629658434021486454e-02 2.286576154395651012e-02 2.094857733155018262e-02 1.852530393618662119e-02 1.747309429481186741e-02 1.674980213317993349e-02 1.598153220502515973e-02 1.440229925718667335e-02 3.868255457818655079e-03 1.300531937251022839e-03 9.238904570595641522e-04
3.475056404037509261e-01 2.490475399320485617e-01 1.412496468806002103e-01 1.073606669829311328e-01 7.846430507423855782e-02 6.061024189556421526e-02 5.202886173127601460e-02 4.237752305868501546e-02 3.776225002163166589e-02 3.497444904916008346e-02 3.177533527558637494e-02 1.637279190857866829e-02 3.001304871620630050e-03 2.002599305194143267e-03 1.707680789559061843e-03 1.557102020424283887e-03 1.372959999999999892e-03 1.239111022185585605e-03 1.138267841413802663e-03 1.041596151074860189e-03 1.324341251010318363e-03
