1.413028864440887267e-01 1.213281306721344377e-01 1.544628706722558364e-01 1.443665216351790459e-01 1.637623468306323993e-01 1.617867861871119528e-01 1.657705557569590926e-01 1.778900479757531405e-01 1.887719838560129038e-01 1.953612783755191984e-01 2.057920503027527159e-01 2.168578593551785394e-01 2.304618506282453128e-01 2.455618004951778399e-01 2.589751819171317582e-01 2.737187831833932661e-01 2.883182902052470187e-01 3.147687667710155068e-01 3.272358023366668256e-01 3.257750424480603257e-01 3.834861335705581631e-01
1.330405951418829336e-01 2.086907694099804367e-03 8.421836853265085576e-02 1.586744587803871065e-01 1.693063296303233267e-01 1.753643740730725931e-01 2.008131069411939196e-01 2.156949168198757372e-01 2.334180784208325088e-01 2.432145612224031472e-01 2.557071097572707341e-01 2.694156883116877177e-01 2.921548880963114048e-01 3.084104520707736663e-01 3.291432335939714626e-01 3.408931987756084192e-01 3.552002674412617633e-01 3.716118639205231444e-01 3.912099887131064158e-01 4.113340557557033650e-01 4.327363105560215750e-01
1.619228304576691979e-01 -2.830898258955971691e-02 4.672215380644273441e-02 9.986650380149508788e-02 1.161972458831113109e-01 1.236670260124339560e-01 1.539596346664644511e-01 1.606947735085031415e-01 1.739693051543966806e-01 1.861666344444419252e-01 2.035225241175491195e-01 2.165961645060214824e-01 2.360143612758646148e-01 2.454317643890200351e-01 2.578339558646105534e-01 2.683583067728090299e-01 2.801671058785751844e-01 2.929296263016192281e-01 3.069733580284561558e-01 3.274830066752394409e-01 3.543229493745879699e-01
1.286069655644099807e-01 -3.473598535313993096e-02 3.853605784473801421e-02 8.251797679107064631e-02 1.032899386628821636e-01 1.064299718144355866e-01 1.335346435143140997e-01 1.367658501313504527e-01 1.508205863112851430e-01 1.594241611978606254e-01 1.713869333748031520e-01 1.817514964804848310e-01 2.028932701698851204e-01 2.098417919333877002e-01 2.203261490401722256e-01 2.305363474623165487e-01 2.398281345874861969e-01 2.540473725075089728e-01 2.667820011815450476e-01 2.853408608063008334e-01 3.122204421576862954e-01
1.628106990271841470e-01 -4.702900985315072724e-02 1.649244670306537763e-02 6.756057472321086443e-02 1.026841368481976602e-01 9.838781752268221936e-02 1.288377286354447371e-01 1.308107674506410190e-01 1.423859225309049847e-01 1.468309937779342933e-01 1.587515267364122407e-01 1.690410044913036591e-01 1.880174849156960315e-01 1.947289962653535600e-01 2.041319771507769110e-01 2.110218133850716438e-01 2.194307731763329716e-01 2.315614567640087440e-01 2.433397261847036752e-01 2.611476036460835815e-01 2.895379070673926858e-01
1.859642256305877872e-01 -5.927139047610041622e-02 1.321385356467719152e-02 6.328618910537031628e-02 1.000086785346101514e-01 9.670333267948583167e-02 1.310130147336050488e-01 1.221321848377034947e-01 1.310261591753978383e-01 1.338593995894681310e-01 1.483845962012017017e-01 1.591797704068438346e-01 1.790972928354467308e-01 1.899573107651686410e-01 2.020073931883490381e-01 2.088135964713957460e-01 2.183315622555918045e-01 2.309441245690000422e-01 2.434467575115174531e-01 2.637535080242492391e-01 2.924311093384498461e-01
1.738262755331125842e-01 -6.256401792622257041e-02 2.868028831937008416e-02 7.007367626250182724e-02 1.077075259553681441e-01 1.047281431695140652e-01 1.455489063850596843e-01 1.335293183496231162e-01 1.428472113715806291e-01 1.420671492435302552e-01 1.545338255602966004e-01 1.646879649708926641e-01 1.937872938471328910e-01 2.103193870888673267e-01 2.269157886888093500e-01 2.388742139897878092e-01 2.521972315859071223e-01 2.730095887551621248e-01 2.922280989068519741e-01 3.170984984418144803e-01 3.494139725068979851e-01
2.014913945044960464e-01 -6.830695377870732443e-02 2.163979912690661145e-02 7.047076134706509176e-02 1.146574154264725642e-01 1.232550709183386495e-01 1.751015802555303535e-01 1.545442775678598224e-01 1.679672968730446803e-01 1.679966552765310706e-01 1.927867043194338992e-01 2.122123411839968998e-01 2.531223363382258951e-01 2.846277769465854757e-01 3.162217801545640361e-01 3.421937467321325421e-01 3.687764364749327450e-01 4.036052133770408057e-01 4.458242394393985286e-01 4.924712297767359637e-01 5.318026806047191357e-01
2.409239185086198276e-01 4.740102184100702942e-03 6.454098125556906318e-02 1.290662086578232559e-01 1.873346399556211628e-01 2.106169525142841392e-01 2.823138923779979770e-01 2.798186517350559344e-01 3.157940048716466608e-01 3.315779745553441016e-01 3.819766697385473808e-01 4.372328092862103333e-01 5.321447134155741221e-01 6.137430335200959597e-01 7.000742612982613355e-01 7.652865880116092034e-01 8.256268470576683116e-01 9.233206122390373860e-01 9.959804475961117065e-01 9.986501167984499494e-01 9.990554943783199748e-01
4.174294530735671582e-01 1.801212807561185514e-01 2.099146084681189350e-01 2.903486519553566403e-01 3.499984141088160472e-01 4.296557918975103529e-01 5.497558013209840055e-01 6.037883418523490864e-01 6.953099021487298970e-01 7.358138847884940770e-01 8.755609827611703366e-01 9.791970844464448209e-01 9.968790632407856789e-01 9.979887943359132541e-01 9.983245860494660562e-01 9.984548327735685014e-01 9.882737592462962350e-01 9.987316674717781062e-01 9.988718617791938481e-01 9.989132577269250746e-01 9.986919891377923353e-01
