inf 5.213423143213853805e+00 8.242752378923080769e+00 8.642954123393586485e+00 9.051955715812541214e+00 9.659974409495564629e+00 9.073663815027842361e+00 8.312605477347490890e+00 1.137526307633897815e+01 1.405222275790256781e+01 1.591017153971391096e+01 2.493495241130202444e+01 3.539861224922710647e+01 4.627183162425099994e+01 5.917135379366800407e+01 7.225939744423831712e+01 9.921772862703195983e+01 1.342605381087576291e+02 1.637764149238984146e+02 1.897279246906771277e+02 2.310299551555057747e+02
inf 1.363804197398173379e+00 1.871340375559974456e+00 4.642158390791902178e+00 4.266863615199911308e+00 4.657890074256354929e+00 5.476284928518107442e+00 7.788926609737528040e+00 1.140536369411308115e+01 2.017855031233066398e+01 2.538757406307539810e+01 2.918011567328985478e+01 3.299313392515553289e+01 3.902724266033977329e+01 4.519354623157975226e+01 5.582048579192588278e+01 6.658495106472383895e+01 7.142276517714905992e+01 7.427829484031305185e+01 8.062706979105735172e+01 9.596256072129696690e+01
inf 1.756525358129214176e+00 1.237174791822967634e+00 1.460463416507146839e+00 1.211625369813419173e+00 1.221646624196630615e+00 1.758770509860329900e+00 1.737439926195103235e+00 2.497954736620157323e+00 5.213437467832393146e+00 6.120487356015441804e+00 6.296458345784006205e+00 7.672871997421225387e+00 7.904052330863620135e+00 8.786556351199390491e+00 1.004894692974066928e+01 1.176174309525384132e+01 1.307998205609337816e+01 1.587347169711632766e+01 2.095913161747212428e+01 3.224729394839433638e+01
inf 9.128102452606130512e-01 7.531473299753762563e-01 8.841441958765692277e-01 8.776535333746405820e-01 7.429568789561671327e-01 1.285695277805653625e+00 1.117560264789239088e+00 1.307203135966729990e+00 2.535729570015426315e+00 2.668102232758048142e+00 3.038399656084902922e+00 4.680407336262229379e+00 4.609252081047475968e+00 4.882137094806537014e+00 5.442068327757049850e+00 5.836433742414331327e+00 7.400664884373458818e+00 1.119672893461035557e+01 1.556543323355684194e+01 2.254666786759960573e+01
inf 1.109395395334537238e+00 7.457093436912612949e-01 8.151021482604163815e-01 9.280709649991238930e-01 7.453495982345786919e-01 1.345430392312490397e+00 1.171766974385266336e+00 1.231705130665387893e+00 1.590361782395707912e+00 1.710413161669308568e+00 2.408366147079879838e+00 3.824486483862720831e+00 3.759168047793839840e+00 3.919080857607372348e+00 4.341689456085406462e+00 4.630471586651761839e+00 6.246427494374469092e+00 8.936885314548646875e+00 1.219235393741196205e+01 1.868115945960001767e+01
inf 1.230279827617497324e+00 7.679149942658743955e-01 7.554264478385824821e-01 8.900253787513905390e-01 7.301333106147512853e-01 1.480677218009531337e+00 1.295124074541387671e+00 1.230650936681898511e+00 1.516136042005415963e+00 1.784685989184789934e+00 2.341432469183995835e+00 3.575903464387875985e+00 3.668304603879235071e+00 4.152386449737378804e+00 4.603714453365924442e+00 5.199868857656413823e+00 6.253030720374558982e+00 8.762643662606407702e+00 1.196293627080782507e+01 1.859505353488574286e+01
inf 9.409212875261546705e-01 7.071305537226031390e-01 7.089497888953805171e-01 8.327497023001090293e-01 7.028393114198012714e-01 1.484679264849124047e+00 1.310654683796662834e+00 1.314320857826883904e+00 1.537742541184635270e+00 1.651471119924865949e+00 1.973003042758259884e+00 3.437654000888954897e+00 3.857127305216736080e+00 5.062252304469546438e+00 6.504946485884769203e+00 7.523016587554437251e+00 9.157401384731098659e+00 1.157415938771213426e+01 1.481633187417631525e+01 2.151751280275430034e+01
inf 8.063053696876854026e-01 5.911114529004650731e-01 5.923113676761189161e-01 7.692473929984015024e-01 7.203996335504924131e-01 1.407064282948691458e+00 1.310205819402307847e+00 1.532580109849934757e+00 1.742527331008018932e+00 2.337327295489498802e+00 2.737100865284859186e+00 4.691618682400482854e+00 6.007523408008958121e+00 8.750162709112904835e+00 1.246270259138796810e+01 1.552610198844632983e+01 1.885337673332771757e+01 2.496068229809149130e+01 3.200668458175537268e+01 4.013610678011865929e+01
inf 4.951401872121555248e-01 4.209451901105338845e-01 4.640300291765449558e-01 5.640901720720538082e-01 5.607656369819232767e-01 1.396233261961808969e+00 1.490913554529169849e+00 2.846071687082261548e+00 4.183709699652935932e+00 6.441450193397014523e+00 8.213851353988177451e+00 1.427955458384795406e+01 2.014388307580263060e+01 3.036955510257626756e+01 4.235764456927008581e+01 5.312311090295659000e+01 6.889683228778946500e+01 9.567203036056781684e+01 1.182364056122938365e+02 1.315049446859367208e+02
inf 5.118339830603870766e-01 5.993934652247772110e-01 8.366112672466060607e-01 9.909320777017106563e-01 1.360304604488891345e+00 2.914840760119686625e+00 5.534902473977330928e+00 1.356359444106730017e+01 2.213820019340861123e+01 3.535203583825860818e+01 4.543747108871335172e+01 7.106058060252344433e+01 9.395461569992770023e+01 1.225153940618406239e+02 1.500270927462149473e+02 1.746777208129999508e+02 2.124679945645318355e+02 2.629904499304432761e+02 2.757335264811749767e+02 2.660272252128420405e+02
