-3.427950878203595009e-01 -3.400433163442820872e-01 -3.367471811935801029e-01 -3.315772914773004731e-01 -3.299139517122972043e-01 -3.269400745838293987e-01 -3.222300302644895420e-01 -3.187201841143536551e-01 -3.152675221952328521e-01 -3.111284519588782271e-01
2.883094005249833836e-01 3.055474988746680332e-01 3.216177234676134700e-01 3.275760699885248428e-01 3.331492061074665667e-01 3.392154402939253632e-01 3.459833371582470840e-01 3.522035139171432183e-01 3.594706974502938079e-01 3.660057470924728551e-01
5.418959501239426491e-01 5.522072423711851252e-01 5.607906819425729772e-01 5.636436952288634838e-01 5.677855524528105935e-01 5.711580552553532364e-01 5.734717889348389663e-01 5.775728695233551813e-01 5.832932175121648966e-01 5.878250333326436872e-01
7.319584631376988559e-01 7.392730596256364972e-01 7.478719687972563701e-01 7.481872684610691993e-01 7.499667012328492532e-01 7.513541164634129910e-01 7.517093452649904473e-01 7.544879336592886787e-01 7.592091797013279519e-01 7.616702340966087226e-01
8.981313162260791128e-01 9.020229230291805234e-01 9.106324913074594907e-01 9.118733311526778795e-01 9.115917369463814035e-01 9.127798864421136082e-01 9.117143101156597318e-01 9.144346367878100068e-01 9.175583332269983128e-01 9.197458402627979313e-01
1.059019044149928757e+00 1.065008044173632484e+00 1.072271797033866436e+00 1.073286346734517283e+00 1.071582333911999418e+00 1.071882769085251264e+00 1.069709869429068982e+00 1.071477501198235149e+00 1.074614092842800739e+00 1.077812985226805020e+00
1.233482038500962608e+00 1.248858835941160761e+00 1.250870709432131855e+00 1.251438597745612391e+00 1.249168594846514990e+00 1.250356586100539014e+00 1.247740505858421001e+00 1.250870902449130240e+00 1.253977784414048946e+00 1.256521348577080532e+00
1.465874840790887923e+00 1.483587166151516978e+00 1.486657623826520780e+00 1.488019895285529914e+00 1.485047658501359003e+00 1.488993009120901823e+00 1.486378769505354969e+00 1.492317788017620384e+00 1.496669360641340596e+00 1.503104287469936073e+00
1.845748223223298012e+00 1.867894862262130085e+00 1.877424134794698052e+00 1.886635213229594710e+00 1.886527460111156129e+00 1.894666011302508890e+00 1.900405840686334225e+00 1.915783527947049869e+00 1.929562415967375655e+00 1.946521606399844506e+00
2.418063482434822387e+00 2.447930104228751347e+00 2.473210801798845893e+00 2.497231235869712851e+00 2.516779068074861847e+00 2.540360864498028448e+00 2.571728015514867849e+00 2.614672300080131517e+00 2.643126204626093045e+00 2.684600619312258463e+00
