9.840606999245190070e-03 9.244272462074100763e-03 7.624112276805226039e-03 6.928042329315204154e-03 6.263283484146099644e-03 4.904174060228896383e-03 4.482080338586320704e-03 3.381727994733122432e-03 2.399459080917670187e-03 2.058580909817767958e-03
9.593588644154856307e-03 5.447405598129347916e-03 3.946324500873422784e-03 3.216333029985524086e-03 2.515942536219359024e-03 2.099939607507550227e-03 1.750375341190922498e-03 1.553827327982811079e-03 1.409865362702898478e-03 1.292645966024738319e-03
1.330662312739351073e-02 7.637210284392042213e-03 5.695775230640080962e-03 4.276907584849683371e-03 3.460827233973837787e-03 2.752318385713664693e-03 2.364206441604692691e-03 2.031960484686389304e-03 1.885140068490223251e-03 1.658598719557209666e-03
1.645575258207368149e-02 9.482609255406634560e-03 7.066651486353412587e-03 5.356677812078928201e-03 4.119014363941801010e-03 3.490244845537393992e-03 2.951492420107045510e-03 2.428147969279084370e-03 2.244988557602033835e-03 1.964978821097742353e-03
1.869100937685516661e-02 1.133834961725989354e-02 8.385913827213084537e-03 6.139750062087554090e-03 4.881043354678235406e-03 4.102503575136705154e-03 3.395188625041374933e-03 2.892690575857526439e-03 2.573418530966404150e-03 2.287204400715162587e-03
2.107417569805318178e-02 1.299133510246412715e-02 9.454799080587664856e-03 7.163783326897584479e-03 5.537021709568244049e-03 4.622775435232004057e-03 4.009015278986131393e-03 3.332482946456472115e-03 3.065710747541318913e-03 2.735335242403606499e-03
2.413669106084636445e-02 1.480090329322776913e-02 1.136437384656643033e-02 8.144199902536583199e-03 6.446105918372049132e-03 5.471903509389500382e-03 4.623834455629829282e-03 3.933203489260945693e-03 3.599615835060418403e-03 3.214543679617908652e-03
2.909253724828997009e-02 1.700332936723000787e-02 1.339616179673696651e-02 9.473471514746374667e-03 7.926581441947711318e-03 6.726248148926766528e-03 5.618436644507272294e-03 4.914612152514018402e-03 4.576236292909016505e-03 4.099149080664258107e-03
3.761257369146178697e-02 2.163071375378580394e-02 1.720994342207962310e-02 1.268239653980754791e-02 1.039965918719663353e-02 9.020149269455848134e-03 7.750158357468912157e-03 6.991266030799225470e-03 6.592004750054253348e-03 5.982403400172749824e-03
4.647722199002703863e-02 2.753983979061930612e-02 2.287656686984771218e-02 1.800737774133856148e-02 1.488565234437878165e-02 1.348235257317968033e-02 1.230347855560386464e-02 1.115823967871856781e-02 1.113399655262018589e-02 1.095873007578592080e-02
