1.583313332238246995e-01 1.781939916677189595e-01 1.574927372285674643e-01 1.385227176686694428e-01 1.339331765173391309e-01 1.036554683436715918e-01 9.711061816508365085e-02 7.315156727011959403e-02 5.054649887050730733e-02 4.373180869998900128e-02
1.591584229020965857e-01 7.831834934051723485e-02 4.952026484647252536e-02 3.866112170167514128e-02 2.956577871022182669e-02 2.374006619437653634e-02 1.827320088818801952e-02 1.517795967518013184e-02 1.353559151005828513e-02 1.166581564527356153e-02
9.268677162051042195e-02 4.974832358961564505e-02 3.471475982525110832e-02 2.651813529343351877e-02 2.092304841985789116e-02 1.627859866990423454e-02 1.356150079779545534e-02 1.140764788303852938e-02 1.055901290626915998e-02 8.973301780074686637e-03
7.716426936107675938e-02 4.207678408217392640e-02 3.062279326821433501e-02 2.316017280518726726e-02 1.748834232211605652e-02 1.504614313424204597e-02 1.222566549972242331e-02 9.994099044422648931e-03 9.146672060449017108e-03 7.981045342792801936e-03
6.790998439139132870e-02 3.951215776910964317e-02 2.769956594973100455e-02 2.100568677185965169e-02 1.614115361999819698e-02 1.356944415059346647e-02 1.126818425493448204e-02 9.646040975982579299e-03 8.466771306698929814e-03 7.445649570577372173e-03
6.341004896587019990e-02 3.664979586274631773e-02 2.600935464773450681e-02 1.999819491145473846e-02 1.516986466676317237e-02 1.282563067947373875e-02 1.080928477672943658e-02 9.056057418803145978e-03 8.025739490096248790e-03 7.254459847228005194e-03
5.963385022408223407e-02 3.415623088525120837e-02 2.602751751596694973e-02 1.888732168719446658e-02 1.432043878932265195e-02 1.248853291450461103e-02 1.008448071232425150e-02 8.732807047427676786e-03 7.963397063970588038e-03 7.020456053332930525e-03
5.816679893691181769e-02 3.195975668916500867e-02 2.416988850281195575e-02 1.736499843679758723e-02 1.414483140441676057e-02 1.200874150927323976e-02 9.781737564455161849e-03 8.397289370159218003e-03 7.584924045042798317e-03 6.906994179838134469e-03
5.696789025436151122e-02 3.041411408127901728e-02 2.317029327771344405e-02 1.719906249722919986e-02 1.378175728120025097e-02 1.107411888892209650e-02 9.306121905923704640e-03 7.952269234865610992e-03 7.214234705725885641e-03 6.472995654451534249e-03
5.099724075439725224e-02 2.787012809429798010e-02 2.180248343487018250e-02 1.605154352931004516e-02 1.259683243402857054e-02 1.042511326904699796e-02 8.689257631272196553e-03 7.235874723136408171e-03 6.571725608063491535e-03 6.126286517324605781e-03
