-1.346926927861977097e+00 -1.344525537744126975e+00 -1.326910886849255622e+00 -1.328510632929959412e+00 -1.335397427645197643e+00 -1.349832288406623837e+00 -1.344785463694042615e+00 -1.346545594544132918e+00 -1.348140066467586440e+00 -1.348435507420895574e+00
1.831148266634345934e+00 1.578988504699865736e+00 1.380278231620674978e+00 1.337464447735044137e+00 1.307760886472047357e+00 1.244475130571317978e+00 1.196436669493631921e+00 1.149585989038205858e+00 1.111687348731805969e+00 1.073793940541190040e+00
9.982903636146726045e-01 9.099095725140100566e-01 8.483231959453401139e-01 8.285670373088641627e-01 8.143100522832487087e-01 7.828661193783539307e-01 7.728724399387740807e-01 7.549890445350251333e-01 7.366598696600697993e-01 7.151825833338032457e-01
7.476949221734120465e-01 6.852938490186557541e-01 6.481204709130076180e-01 6.325527412868438004e-01 6.293036099056107391e-01 6.087758054413697772e-01 6.062392839831867164e-01 5.944173515238683203e-01 5.846523509725385370e-01 5.744447379256926167e-01
6.155951014340723670e-01 5.765706862260274734e-01 5.400525553291402048e-01 5.199185425031973562e-01 5.227376775063078407e-01 5.039350695849236228e-01 5.035491790333150863e-01 4.949931584941414942e-01 4.910215966881615324e-01 4.831055761458324938e-01
5.249803251980520447e-01 4.899566289736777547e-01 4.614109138620220429e-01 4.421853641098109078e-01 4.453601844914102381e-01 4.283545638206577855e-01 4.329404061777100132e-01 4.278794476338344532e-01 4.257180899975094857e-01 4.170053464896618101e-01
4.559988391029828336e-01 4.124857707634025927e-01 3.923126508123992440e-01 3.772123707604875809e-01 3.789638779592215401e-01 3.604743600806228909e-01 3.669644589000294332e-01 3.614756565236336150e-01 3.613521159920567438e-01 3.553394463385902702e-01
3.832594675233058634e-01 3.477340660911584780e-01 3.301107043359134408e-01 3.124565900910917238e-01 3.115422328211661651e-01 2.922411330746509939e-01 3.008664069291846488e-01 2.942610949610962590e-01 2.938163142947187723e-01 2.836662044333583821e-01
2.868328926777050092e-01 2.644245364869655668e-01 2.444633913374338607e-01 2.267154744259031185e-01 2.211307246320608211e-01 1.997756952560069410e-01 2.000504948630023871e-01 1.887125880415866375e-01 1.829378786663183876e-01 1.675122267917201757e-01
1.784393973152889612e-01 1.700347682545079175e-01 1.526845505646248491e-01 1.373369613729586991e-01 1.195397259069718165e-01 9.382080294288175359e-02 8.157691352207212254e-02 6.149932400096349422e-02 5.323664074475135954e-02 2.463349864552709031e-02
