1.255961339261453258e-01 1.341618004124418562e-01 1.537880186396390902e-01 1.657748896233907088e-01 1.656569342917518783e-01 1.642403237228360346e-01 1.793604155229352459e-01 1.872367192164340333e-01 1.950893137639496677e-01 2.054827114231018159e-01
1.939578104425132565e-04 8.632625561237960987e-02 1.593019191393448830e-01 1.702870691689345461e-01 1.749114308235321102e-01 2.005426899101293570e-01 2.160680909498284841e-01 2.332238599665064083e-01 2.432026523355820258e-01 2.557098056021743782e-01
-2.448647179775065297e-02 4.844526224296175076e-02 9.906061081514394573e-02 1.155653495631141503e-01 1.243963218519218428e-01 1.532070217154102298e-01 1.606302319289141245e-01 1.741885915725104317e-01 1.862567819167980643e-01 2.038434901003812749e-01
-3.644034822206942970e-02 4.056588338727618037e-02 8.205547003088342617e-02 1.037266160621588273e-01 1.062096780830985576e-01 1.337654577379295828e-01 1.369668690336972583e-01 1.506685211579360528e-01 1.593937887764099726e-01 1.713928374530945264e-01
-4.705245339780561586e-02 1.507405802576167186e-02 6.865066048234658158e-02 1.021510798731523062e-01 9.756147376405832627e-02 1.288878163728690573e-01 1.305710293167201552e-01 1.427937912786134689e-01 1.467668473915854088e-01 1.585209144524939440e-01
-5.288330970045596047e-02 1.180200195177028011e-02 6.302891269718280398e-02 1.012199741885084769e-01 9.620407856164325811e-02 1.304708784207081473e-01 1.229435096985449505e-01 1.317637256896964093e-01 1.336206737924215959e-01 1.488257466156120978e-01
-6.519718631259507902e-02 2.443599885177372144e-02 7.065240410612949606e-02 1.060177078079662660e-01 1.034958241872709905e-01 1.464249556368776295e-01 1.328749713232589835e-01 1.437018829094541816e-01 1.418684125110629690e-01 1.544355088582974878e-01
-6.395491853849644137e-02 2.300182978753051444e-02 7.059712139135565501e-02 1.194949106880445200e-01 1.238251896334741087e-01 1.759236596477581349e-01 1.530912170700761132e-01 1.683748666610375144e-01 1.672105433025643517e-01 1.925230108378616078e-01
-2.616518489658492541e-03 6.462098362541357499e-02 1.308201041625569605e-01 1.899673139801120181e-01 2.099662148475501811e-01 2.831822369219644253e-01 2.800216615743081894e-01 3.153308665738830951e-01 3.315084625691493425e-01 3.824968400455316386e-01
1.828686181679892719e-01 2.117387261921387376e-01 2.848622999953006607e-01 3.504992804918708460e-01 4.302415265620543883e-01 5.486348721437002141e-01 6.026934276297198911e-01 6.954763323440029676e-01 7.335216149930248175e-01 8.747611047624085368e-01
