1.278877039800941640e-01 1.382904344878729819e-01 1.195966055580889864e-01 1.044144368160187103e-01 9.951978710640116410e-02 7.671571068006748095e-02 7.067535941241399888e-02 5.277734451595457454e-02 3.630499228474885764e-02 3.102432310801402082e-02
1.201692894350902957e-01 6.160780719334596478e-02 4.047730048013091497e-02 3.213052000615289339e-02 2.488462048003423424e-02 2.019984501123856316e-02 1.593902246910104334e-02 1.350653970803512849e-02 1.218275499856830667e-02 1.071470805823273448e-02
1.202759236561646572e-01 6.518554734145098895e-02 4.601845877663095913e-02 3.501722548251000322e-02 2.783501253325295841e-02 2.168842623645379428e-02 1.818872435657225076e-02 1.538304068714840302e-02 1.429382674386736433e-02 1.223569482209939038e-02
1.302646860173521104e-01 7.121549455558291719e-02 5.204527501739233258e-02 3.923289969777688652e-02 2.974735746293975455e-02 2.543323692691173282e-02 2.079286491043153690e-02 1.701341929890435103e-02 1.563665686204589525e-02 1.364991446669054989e-02
1.372968371764193285e-01 7.987701293494632593e-02 5.634606690996270262e-02 4.232010674625855118e-02 3.269763296583847595e-02 2.737163845863145248e-02 2.269338804181809943e-02 1.941622283011775960e-02 1.710545825801894348e-02 1.506149400345196607e-02
1.481251893477761872e-01 8.597368756347625873e-02 6.107807115763475708e-02 4.664708126182867676e-02 3.545515390222600538e-02 2.978518506234165142e-02 2.518459105179450888e-02 2.107656532764598523e-02 1.880483934903974183e-02 1.696766520461055056e-02
1.601462731188806887e-01 9.234433494592944602e-02 7.009974549207421968e-02 5.058032097205267946e-02 3.850370455773242939e-02 3.330734617284043103e-02 2.704266101839208902e-02 2.337962864639638733e-02 2.137462828821446587e-02 1.886905004219138413e-02
1.825908956590542032e-01 1.009918839325337908e-01 7.642335834975939879e-02 5.454043142223904267e-02 4.445729115684343702e-02 3.758546833003348353e-02 3.073588333310831033e-02 2.647074467135968751e-02 2.404496644533815619e-02 2.186336205658524073e-02
2.195609737344786094e-01 1.184192432505477843e-01 9.034864437595031827e-02 6.689583011638750021e-02 5.359322224056460582e-02 4.314782443805174200e-02 3.642876150582546879e-02 3.135023191393378900e-02 2.864603587196482004e-02 2.575933631772008361e-02
2.492387199763713701e-01 1.380707910779061520e-01 1.087324275605002638e-01 8.059525888870221200e-02 6.340976348711781230e-02 5.254998087913870936e-02 4.422032686580580629e-02 3.712915198854771504e-02 3.401758909432048283e-02 3.165781888495645263e-02
