9.838561417155466948e-01 1.990253523833321436e+00 1.916488573345330737e+00 2.678523819263749495e+00 2.557545409375971524e+00 4.073838613018235577e+00 5.815291784927474339e+00 7.739606843224361654e+00 1.131257864337320385e+01 1.491735384429456346e+01
1.350756640863145952e+00 1.869368938633035881e+00 4.629255314790428066e+00 4.393929425790129351e+00 4.944664936352422657e+00 5.739429278572099946e+00 8.028520014604506372e+00 1.150738096276458222e+01 2.070969419085995966e+01 2.628983363218965863e+01
1.746053767178530780e+00 1.231887664900654933e+00 1.413545605555682982e+00 1.166594638208718226e+00 1.205612371805079963e+00 1.745365144984274641e+00 1.662678094245864768e+00 2.309358149115112724e+00 5.091147546890137932e+00 6.074866365782374267e+00
8.936463681851984919e-01 7.634893748850317685e-01 8.483346750649799484e-01 8.159532434761795905e-01 7.029311445816542880e-01 1.253144777657000608e+00 1.083194083324627854e+00 1.209404713506061491e+00 2.440583407114806480e+00 2.541099283545325882e+00
1.099958162078949808e+00 7.651515954900606209e-01 8.007968059256795890e-01 8.814342033116642217e-01 7.103898809664894731e-01 1.332234977517195551e+00 1.197114838937791914e+00 1.198095607998129974e+00 1.554346801465048111e+00 1.615045614998982249e+00
1.264185888667823665e+00 7.967352733964692124e-01 7.559950817499867526e-01 8.494322315086995090e-01 6.940702945800885093e-01 1.485815227484614143e+00 1.323352474856926309e+00 1.214042843868595511e+00 1.496901325394449866e+00 1.688286692727162031e+00
9.476730869116563039e-01 6.808616933750000211e-01 6.959300211570251804e-01 7.775545467536020272e-01 6.498438672485635781e-01 1.456966249232212185e+00 1.301763152993134165e+00 1.235568630910271359e+00 1.489667813326410517e+00 1.525175024569981996e+00
8.209846331991557111e-01 5.585202124623428466e-01 5.665249162280172612e-01 6.960851797159804955e-01 6.309596141436359940e-01 1.295867406336110195e+00 1.226662887887551623e+00 1.357296399584178026e+00 1.638722091566997996e+00 2.136226258937644396e+00
5.043055625820402899e-01 3.758745562336766044e-01 4.131005269299845573e-01 4.723560519625291110e-01 4.391860518420042103e-01 1.150149772665197467e+00 1.252750193441166005e+00 2.491377694979344248e+00 4.083115944140065068e+00 6.162035412504319964e+00
5.330081596352789219e-01 5.531423905595267421e-01 7.893806123721813783e-01 9.719573384158979312e-01 1.239111499590048959e+00 2.594648089966339111e+00 5.256006463751352165e+00 1.343950787551361259e+01 2.355000180731871851e+01 3.685167153961354103e+01
