-3.430154852640683871e-01 -3.383017729979547750e-01 -3.383880642662484561e-01 -3.322751330650748347e-01 -3.310904543669179745e-01 -3.283362521091060526e-01 -3.240784483691738216e-01 -3.212312229051332846e-01 -3.181253080875592887e-01 -3.137281846292773735e-01
2.879717370885885308e-01 3.049550461316236638e-01 3.211303186213422256e-01 3.272439664635281575e-01 3.329494790492597001e-01 3.389491158869954446e-01 3.458805575070279525e-01 3.519847274243098623e-01 3.592642318165395476e-01 3.658220406612096576e-01
5.412067486030153196e-01 5.512589556861077211e-01 5.605052489829452922e-01 5.633932911229965201e-01 5.674514892549151757e-01 5.705154700711982940e-01 5.729217170728834185e-01 5.769064963425859505e-01 5.831188389035564246e-01 5.875267702772278833e-01
7.319727432205929141e-01 7.389305802408770996e-01 7.479287195669536148e-01 7.477091050559326879e-01 7.496841671200230595e-01 7.505995656740317434e-01 7.507756482400230746e-01 7.537201112114378931e-01 7.588655713317646878e-01 7.613314670268064299e-01
8.972287318318437066e-01 9.027203765457989526e-01 9.102659474959906571e-01 9.114176790660991623e-01 9.111344741474382003e-01 9.120468838235951115e-01 9.107441843955265126e-01 9.134918466670342019e-01 9.172350599930335635e-01 9.194245529431067654e-01
1.058955743361962742e+00 1.065308368059607602e+00 1.071218355361472252e+00 1.072774415301644746e+00 1.071422949136122904e+00 1.070961524992944947e+00 1.068673700671431748e+00 1.070553864815687817e+00 1.074392217889736934e+00 1.077611879604959633e+00
1.233486998814844915e+00 1.249300558653286597e+00 1.251331544865674994e+00 1.251180956114167353e+00 1.248739605471134162e+00 1.249141118631377223e+00 1.246735071847709264e+00 1.250073823836381548e+00 1.253620616112496755e+00 1.256255140682027482e+00
1.465975716515615979e+00 1.483122604013460410e+00 1.485833468550949998e+00 1.486746325980461636e+00 1.484281701814977428e+00 1.488084224614809825e+00 1.485598567919322432e+00 1.491941080285144272e+00 1.496476436789490716e+00 1.503260000184949652e+00
1.848010157983410950e+00 1.866332351829854463e+00 1.877318844918327567e+00 1.885807619534761059e+00 1.886654457964995979e+00 1.893848960833847350e+00 1.899468700854811232e+00 1.915582167893076004e+00 1.929424133081255155e+00 1.946413033116583424e+00
2.417873135302676335e+00 2.447148802994392192e+00 2.473709275535083130e+00 2.497668294024832480e+00 2.516698071645067092e+00 2.539714434430615952e+00 2.571857878829701960e+00 2.614308751077808690e+00 2.643388761924006403e+00 2.685417485220203737e+00
