9.764977324156459693e-03 9.310125553385093650e-03 7.944000873654825240e-03 6.898253844711495220e-03 6.517277337787498633e-03 5.288230696759068511e-03 5.256954181672324200e-03 4.242152693014175462e-03 3.175451694785613298e-03 3.038336863608920909e-03
9.525647551358012999e-03 5.499012523331281259e-03 3.966956174160397690e-03 3.176977012377610755e-03 2.511235272743132449e-03 2.100983274882422657e-03 1.701225792339014281e-03 1.551167525650535683e-03 1.428936438803789103e-03 1.293289935354730502e-03
1.306082979466335371e-02 7.398369859645802585e-03 5.530035176714928266e-03 4.304272413437033352e-03 3.510427547474171892e-03 2.801585373555983555e-03 2.385223133790750731e-03 2.046387245291822650e-03 1.873424337799783857e-03 1.637892230859615880e-03
1.645514425184659360e-02 9.697546112354299072e-03 7.278258066337640365e-03 5.136164156688972915e-03 4.278847215545610559e-03 3.318160234032628032e-03 3.000121460402003105e-03 2.434188889735545546e-03 2.299990264649571375e-03 2.001667355191320743e-03
1.871611150457011541e-02 1.124073576784355606e-02 8.222329645584438781e-03 6.091821872183905695e-03 4.856687411099193906e-03 4.101911832603658513e-03 3.410544664652279557e-03 2.924128048917781081e-03 2.555042230085860511e-03 2.298928981304291727e-03
2.154531350515572971e-02 1.326445172523630332e-02 9.782142105676456048e-03 7.109022199085585254e-03 5.724664661658479710e-03 4.701347346923660624e-03 3.904769178318077526e-03 3.419572429428292034e-03 3.043430838846484642e-03 2.757929257380161998e-03
2.480612008618043526e-02 1.489946345271444053e-02 1.095967181615944627e-02 8.313257343062371157e-03 6.346820460849967108e-03 5.357892875812017043e-03 4.507464526496510540e-03 3.867059827369955481e-03 3.539961801751036977e-03 3.233427384607283177e-03
2.916510411959041121e-02 1.701078581634802439e-02 1.295501281559711428e-02 9.461113790225272532e-03 7.716791556352576610e-03 6.545387376978495896e-03 5.688300929709140703e-03 4.766746758104014985e-03 4.490197805702276189e-03 4.013401689834451488e-03
3.727857283905773589e-02 2.242272018899981595e-02 1.718101940144084461e-02 1.269137287514148470e-02 1.010742695020976772e-02 9.038191304906567983e-03 7.788305490371429801e-03 6.920406973447875733e-03 6.606479480301236454e-03 5.906421116696157318e-03
4.521751458933877948e-02 2.880225255418547223e-02 2.192806046892934249e-02 1.735379009697020011e-02 1.479354237768468368e-02 1.399987391287411433e-02 1.237157286202474060e-02 1.169143873807089104e-02 1.099920572374802306e-02 1.064643665299131597e-02
