1.562800440090743870e-01 1.724160051419799111e-01 1.609977391711733263e-01 1.449297588244485013e-01 1.416812104090837132e-01 1.137647984980486721e-01 1.147283168186599284e-01 9.447848989761677141e-02 7.209062359831176769e-02 7.009933558304158596e-02
1.551286842438418523e-01 7.721799745663669723e-02 4.930723619713760913e-02 4.011903789792645864e-02 3.049242441427802569e-02 2.571314148940934477e-02 1.980163176699891933e-02 1.684213205126652499e-02 1.396450079108772606e-02 1.220133097281002332e-02
9.335713388177153960e-02 4.961299617253530497e-02 3.504865052187196989e-02 2.739371726863178147e-02 2.237001368176848304e-02 2.057600462669897587e-02 1.995144002458739199e-02 1.696514457487154764e-02 1.225486178714705644e-02 1.099696204889621248e-02
7.882033650477313080e-02 4.329845105486897217e-02 3.149701503372054345e-02 2.380986220022980604e-02 2.023360744045522852e-02 1.796469180249316705e-02 1.845427004990481124e-02 1.712948132719756961e-02 1.246965185852280493e-02 1.131671518724347049e-02
6.893716246281525462e-02 3.875089944048306506e-02 2.751429965884475901e-02 2.219713637812422216e-02 1.834605592166474106e-02 1.693970842315355857e-02 1.619930995425472239e-02 1.654306345442918200e-02 1.172275673999092702e-02 1.088048625136666184e-02
6.462816541575709672e-02 3.714291885428595841e-02 2.719067025098311635e-02 2.124183987838509924e-02 1.721758353922157522e-02 1.513216845914125940e-02 1.590741769343515660e-02 1.557156330686427712e-02 1.068140674782221307e-02 1.019590271899387460e-02
6.143899250615855040e-02 3.432226509207431803e-02 2.593337484983247385e-02 2.008575465595911422e-02 1.635515070866470216e-02 1.481674062621958846e-02 1.555144532064493823e-02 1.387916365486802084e-02 9.512312028284264018e-03 9.075471717717980419e-03
5.920215834951161882e-02 3.208442989039256288e-02 2.438152617316752604e-02 1.821389558931862593e-02 1.585455120026241227e-02 1.394495446328158743e-02 1.405528112566009798e-02 1.122778997419745205e-02 8.930351887837200894e-03 8.066151541278956255e-03
5.666063452127018812e-02 3.124392750510095532e-02 2.366083983796990475e-02 1.814715964159932526e-02 1.491994906365743181e-02 1.346004324421397336e-02 1.264430043351536317e-02 9.910478399811253891e-03 7.593387373697522633e-03 7.063928435800927164e-03
5.045881639085354059e-02 2.859502248077233980e-02 2.104452204512342189e-02 1.637684477084555210e-02 1.344762197139280288e-02 1.317451405856653358e-02 9.891386287442320221e-03 7.781105015255362911e-03 6.718361631661546804e-03 6.113320107591853174e-03
