-1.348023802627828616e+00 -1.299834043398194527e+00 -1.358308424623335009e+00 -1.338898964779290379e+00 -1.355300703345042379e+00 -1.370201383327243061e+00 -1.372831911573335395e+00 -1.385526608170159824e+00 -1.388061028670750208e+00 -1.378718206319737849e+00
1.839994102490053685e+00 1.593013900596281118e+00 1.393613866234238552e+00 1.350821301800797514e+00 1.317874004217106210e+00 1.258903177000759488e+00 1.206571814895424977e+00 1.159871388387048396e+00 1.119521288177660168e+00 1.080851948541802887e+00
1.007656079181965536e+00 9.176806498224057140e-01 8.552221761383261844e-01 8.396523680502894216e-01 8.270985960849200902e-01 8.058670149792619419e-01 7.948665211093859373e-01 7.743063411443358302e-01 7.467377455421827515e-01 7.268780279825283186e-01
7.497411007754837264e-01 6.906549447022866106e-01 6.530413387828730709e-01 6.440720105360275838e-01 6.412744428984854528e-01 6.325684040763011051e-01 6.326382206054971258e-01 6.203714823026540426e-01 5.970548900239804890e-01 5.885071565173528585e-01
6.218887474829144502e-01 5.784986587585632112e-01 5.471925442454061983e-01 5.302371576015511012e-01 5.349452646228843866e-01 5.271608343472699021e-01 5.312391104363431982e-01 5.224543849308466159e-01 5.035165752116584903e-01 4.971217838424606961e-01
5.268392980290020899e-01 4.944130676405916192e-01 4.685059689875583633e-01 4.524809296635847189e-01 4.574795263749310004e-01 4.529595913682125663e-01 4.569075162719318794e-01 4.501214892568126680e-01 4.361079789627155812e-01 4.290393610500122801e-01
4.601772392912430454e-01 4.152553820109821658e-01 3.967434431417776186e-01 3.861416224417447141e-01 3.912934801174985933e-01 3.846481700766011258e-01 3.884110444784945049e-01 3.788796450923252457e-01 3.697460270998119136e-01 3.648060387276775285e-01
3.843472737891883706e-01 3.517801407515023238e-01 3.354683448571850746e-01 3.235225890911095359e-01 3.246510351656678450e-01 3.141262153932881107e-01 3.168673970210205693e-01 3.058839854681326687e-01 3.003893508900596920e-01 2.910628847549547316e-01
2.847373037532957563e-01 2.690719677682471556e-01 2.493753138628097554e-01 2.348726055650056099e-01 2.312652428179416408e-01 2.194210986175399170e-01 2.132704428639657090e-01 1.968354035042134964e-01 1.880179197453836493e-01 1.733819113827885505e-01
1.805375575512057351e-01 1.739544934239695972e-01 1.564776713028459554e-01 1.427821698602052825e-01 1.274506246502064843e-01 1.068982241389495602e-01 8.769437412706715396e-02 6.565477580985694395e-02 5.586901242075287266e-02 2.784523996783344266e-02
