1.243214109993052707e-01 1.672289392246806283e-01 1.295438979526276624e-01 1.574821902063722190e-01 1.502018774513456112e-01 1.480057145230730953e-01 1.574397614029259262e-01 1.571193859779816959e-01 1.637421161929298874e-01 1.808517820176911428e-01
-3.459250437268801548e-03 7.999786907094208477e-02 1.524658375829780477e-01 1.628505574417542512e-01 1.690293689470501182e-01 1.919089836120752013e-01 2.096621700516820841e-01 2.268440560430976527e-01 2.383073213227279163e-01 2.511936448979018577e-01
-3.278275222704851721e-02 4.196654296873336687e-02 9.219602208828736600e-02 1.041307459702207616e-01 1.111684385751599002e-01 1.293086118813695506e-01 1.375718294816121734e-01 1.540363758786582604e-01 1.753709681866635339e-01 1.912344484394229438e-01
-3.929699740438197253e-02 3.350812107378853266e-02 7.501577224591338133e-02 8.798802803701033515e-02 8.955080827223049766e-02 1.008145968211544563e-01 1.005043913100412967e-01 1.144861200934698120e-01 1.419500835909071057e-01 1.514860780094325898e-01
-5.669417874229787380e-02 1.101650053755931502e-02 5.671720901072019316e-02 8.478938024275117780e-02 7.694990713366456347e-02 8.947108013352411682e-02 8.373754485553097648e-02 9.617053002017028618e-02 1.253629666980162760e-01 1.344097910508338378e-01
-5.654844770839040358e-02 2.532571451146825581e-03 4.955590277885546513e-02 8.073202373195109693e-02 7.174766370248075731e-02 8.131468832485799769e-02 7.528720272290023718e-02 8.741838642782207014e-02 1.126594465183035076e-01 1.244258094427248551e-01
-7.496210443418194203e-02 1.753825730941704908e-02 5.981007153831163770e-02 8.504404893465411508e-02 7.464592570994166287e-02 9.006866930220269740e-02 8.293695900972275492e-02 1.030455705471888805e-01 1.221848225146860978e-01 1.320927537325510270e-01
-6.704816932904034132e-02 1.194341700996359723e-02 5.603666416922215010e-02 8.909113811104141245e-02 8.742919809413618459e-02 1.147516247044091386e-01 1.085182189266381547e-01 1.357450887146944840e-01 1.486897566188235542e-01 1.713819780813584659e-01
3.488841529266317742e-03 4.897730072650374744e-02 1.134056832172956053e-01 1.611907798741845088e-01 1.737029984713207575e-01 2.130318267002612176e-01 2.328217952015898540e-01 2.859354973075511896e-01 3.129942161720513649e-01 3.608949723361188910e-01
1.733255477033479597e-01 1.938247269148970497e-01 2.669485188653902830e-01 3.246293516943210555e-01 3.925556059603534376e-01 4.858512059389258342e-01 5.728778023915184203e-01 6.749451554374250595e-01 7.203173811350086497e-01 8.583892506086417962e-01
