1.264486362984095502e-01 1.333806180048849321e-01 1.236083565929771422e-01 1.086899761327122516e-01 1.055643531650097278e-01 8.446154818724106728e-02 8.408059344284175840e-02 6.860669358033461007e-02 5.177939046637928394e-02 4.958178109499353919e-02
1.177938226339346195e-01 6.118483668367694778e-02 4.045615235808100452e-02 3.299040222383307908e-02 2.549416096671211843e-02 2.151425660012283927e-02 1.685791981931113528e-02 1.463399141315982824e-02 1.253063113864725901e-02 1.110024682496061135e-02
1.206089963874431154e-01 6.465224270415428909e-02 4.616009438783180707e-02 3.607215499595266966e-02 2.953824867773043733e-02 2.650678503595083058e-02 2.523777641313787803e-02 2.153594368827984121e-02 1.618249124804986561e-02 1.449049723266152521e-02
1.326253291594050587e-01 7.327519022048026298e-02 5.361439069614907377e-02 3.997978044794199548e-02 3.392307681653456558e-02 2.951151946201995696e-02 2.983300074697746093e-02 2.731032644694952882e-02 2.052120399245726048e-02 1.854740727980621826e-02
1.391784467574092021e-01 7.856223490407522603e-02 5.595134010750027476e-02 4.443032196316604870e-02 3.657639152650241782e-02 3.335388670578474241e-02 3.137120709816790948e-02 3.151217199774245664e-02 2.279947915268665595e-02 2.110946275594261304e-02
1.511047149524518685e-01 8.735476252126507524e-02 6.384015924782093787e-02 4.924705564583976153e-02 3.989516687927936733e-02 3.472369861679922010e-02 3.557300361954931350e-02 3.448494710952262898e-02 2.424682335314331735e-02 2.304843109825540151e-02
1.651379891042478454e-01 9.292087229487591693e-02 6.969064937355876066e-02 5.367211907964575951e-02 4.338081953117008116e-02 3.895370853366142416e-02 4.003350931158837500e-02 3.563203728042172586e-02 2.506197520407057663e-02 2.382525858640817742e-02
1.855891879632505237e-01 1.014491944937327972e-01 7.683681003373879492e-02 5.707966223526679539e-02 4.931046996175654507e-02 4.319248255800763742e-02 4.295689061427597488e-02 3.448466736816401673e-02 2.786318800067901641e-02 2.517552341985529116e-02
2.184003089454007729e-01 1.218561426636423778e-01 9.223447553791681852e-02 7.045475823119420888e-02 5.773483759156459311e-02 5.203104994198987088e-02 4.862980837278913643e-02 3.853217419943675420e-02 3.009811968366973151e-02 2.797780093826704798e-02
2.465088932509861830e-01 1.420093217100082128e-01 1.050854390225941654e-01 8.215620848361571138e-02 6.766357168645560638e-02 6.619969434102734862e-02 5.023137138779554256e-02 3.997769611896159064e-02 3.479616630433556707e-02 3.165154066754188172e-02
