1.963618707231838512e+00 2.338432575927055002e+00 2.395842560448227854e+00 3.108937114362592791e+00 2.893675298015937702e+00 4.290874986263625956e+00 5.957949025971098322e+00 7.579178741385008244e+00 1.065781095766052822e+01 1.392786170289514658e+01
2.752841360117094460e+00 2.504734670413136133e+00 5.539116207444744866e+00 5.064052381051771690e+00 5.600692173709568067e+00 6.325392992057860653e+00 8.742849213439857436e+00 1.238842556286432917e+01 2.210646597907287969e+01 2.791627485012615750e+01
3.549476478478159613e+00 1.634574537538793448e+00 1.651573134900627293e+00 1.279878565844166927e+00 1.354495034666485909e+00 1.672359920421452317e+00 1.704907569301256531e+00 2.426338236197436160e+00 5.453657679243907985e+00 6.424970992361738631e+00
1.820754596291312311e+00 9.957035561371695431e-01 9.847906614476615861e-01 8.398958180053875955e-01 7.521701311845836457e-01 1.031535349628079246e+00 9.459324301830953630e-01 1.083359116609365902e+00 2.596420165664685697e+00 2.626079221703311983e+00
2.244413308640881510e+00 1.003143262033850958e+00 9.162038219607072653e-01 8.836359262001654002e-01 7.290783582888997749e-01 1.044168562475165762e+00 9.508228611147677700e-01 1.026049195595999164e+00 1.627012901400302525e+00 1.632373176181626251e+00
2.556320801032339940e+00 1.048932146176436042e+00 8.632983201055957068e-01 8.385042309624698431e-01 6.861501343708343859e-01 1.087261017068246627e+00 1.186315576555414975e+00 1.123939326754347157e+00 1.600057462832978672e+00 1.735481745701680900e+00
1.933213306594561809e+00 9.028486096654054771e-01 7.834897566792818902e-01 7.636770642390029451e-01 6.225292434490508064e-01 1.040755310251039623e+00 1.208542704225733733e+00 1.219885336473451654e+00 1.628311546082501060e+00 1.612097847348434421e+00
1.668657433310654525e+00 7.461655790569453606e-01 6.405237068737247297e-01 6.732176117675686688e-01 5.597961745708838199e-01 8.717993497345378762e-01 1.235865476548204223e+00 1.438100928872545037e+00 1.814279212345772052e+00 2.291018428470835033e+00
1.027408607089836501e+00 5.153717029217325107e-01 4.767178893370241366e-01 4.781452339304134158e-01 3.921406355587321313e-01 8.148027437323761557e-01 1.316766646967110432e+00 2.699312351239236296e+00 4.445420416411259623e+00 6.577029046810696222e+00
1.087908538373389522e+00 7.678043515686128195e-01 9.760060338677167824e-01 1.151105506085113861e+00 1.384894583242587185e+00 2.702541261174239207e+00 5.740856849437671272e+00 1.448587026126377175e+01 2.519857402924069589e+01 3.902641493065889478e+01
