3.025421515126929251e+00 2.959402273453835885e+00 3.033991487038397494e+00 3.182840364373151765e+00 3.380118815906516083e+00 3.776585322243890541e+00 4.240098444945309630e+00 4.562297629850151637e+00 4.795979016883827661e+00 4.850518078058438931e+00
2.983889104030315931e+00 2.955713919633913722e+00 3.019763769678645460e+00 2.857760304709919374e+00 2.298962400377522641e+00 2.443160915636754638e+00 1.873913707533831241e+00 1.683814115900912567e+00 1.344955056703942775e+00 1.217866581017287952e+00
2.948442154481959676e+00 2.985292425905208269e+00 3.085057277860535407e+00 3.168791511368863389e+00 2.839831034046160330e+00 3.597978137276703681e+00 2.975731461557487467e+00 2.485151124094738151e+00 1.721285770034051810e+00 1.680034666383060538e+00
2.989957280502538062e+00 2.985603646453780513e+00 3.069710469150318755e+00 3.254705729061976971e+00 2.990058227620335796e+00 3.804877085376754842e+00 3.481830573788609051e+00 3.169284791550440961e+00 1.980626645626444304e+00 1.954517266168648293e+00
3.007842889729272606e+00 2.988904006539077951e+00 3.090037161350005501e+00 3.291049546063438136e+00 3.145346723857593396e+00 3.916909003660200561e+00 3.753191991511960701e+00 3.358203756173380850e+00 2.070229103202726240e+00 2.013218262614704823e+00
2.967780823575002724e+00 3.023086033358709734e+00 3.098554992389303209e+00 3.379954034397150142e+00 3.205311806686288900e+00 4.181629324967328643e+00 3.489655354419038513e+00 3.005703670500636360e+00 1.903288069516549497e+00 1.913779516727267094e+00
2.974831471988896414e+00 2.994546742469217371e+00 3.144445542027165530e+00 3.292242352786864057e+00 3.259420089024822609e+00 4.144540397593905467e+00 3.354083009944498706e+00 2.722712595497910115e+00 1.765266803185004063e+00 1.735935563757189160e+00
2.971392659525364799e+00 2.962533633706756486e+00 3.081608613868603630e+00 3.316473563297782867e+00 3.346132490028691286e+00 4.124943231595525894e+00 2.931289868686653755e+00 2.272356472322750953e+00 1.638203043478017484e+00 1.589288813000758527e+00
2.952677264804174140e+00 3.002104358604399170e+00 3.066349138002161023e+00 3.181083111902949234e+00 3.240790102030133291e+00 4.011148553237837255e+00 2.720912241484615191e+00 1.970627477789197002e+00 1.455706130087407679e+00 1.443859191063405767e+00
2.989823038960353951e+00 2.945338672727864981e+00 2.908814739841595109e+00 2.821754994945533390e+00 2.905591262027812594e+00 3.316579311319018064e+00 1.966139922614557056e+00 1.466435861732697576e+00 1.217265804486889591e+00 1.232478157863888812e+00
