1.166715270333768428e+00 1.149769764918473047e+00 1.157257839765682750e+00 1.151261241040992145e+00 1.106586313910977504e+00 1.054077024285214215e+00 8.007861758033893995e-01 4.512556790913250793e-01 2.306592054518954715e-01 1.500015782007700083e-01
1.141299617572354652e+00 1.167032972517267231e+00 1.156125069508906034e+00 1.142981663363912048e+00 9.674174089313820613e-01 9.819268101308906704e-01 6.734544455577430311e-01 5.344190541326762078e-01 2.951379268576058146e-01 1.921983395614692836e-01
1.155256029739656132e+00 1.151952399535419724e+00 1.152489031975622247e+00 1.136174863941028290e+00 1.112555744961953641e+00 1.056606495595435291e+00 1.054416680910986059e+00 8.903060859675139271e-01 5.299691904961564282e-01 4.821457939647085800e-01
1.154054357467070302e+00 1.148877993761243888e+00 1.182475399279436568e+00 1.144866143402113456e+00 1.116425905218332515e+00 9.835119779881433821e-01 1.018214321749126405e+00 9.257304965843470290e-01 6.450675140646262573e-01 5.664225607802867435e-01
1.163954122136141134e+00 1.145900884611027015e+00 1.146860397449788627e+00 1.163632148103119546e+00 1.133830079279855019e+00 9.403476101604433257e-01 9.513637063991684517e-01 9.212673213604721800e-01 6.791655030196450671e-01 5.806581857433307237e-01
1.141965182283679381e+00 1.154523392011892691e+00 1.152776462902488808e+00 1.132210086092221513e+00 1.135152317566429536e+00 7.814360587667211755e-01 1.008766683867838854e+00 9.552828424642719751e-01 6.184987550526771516e-01 5.584744189223573851e-01
1.152377927555895409e+00 1.140234387287988094e+00 1.161158007393953806e+00 1.161837504328268711e+00 1.139117324831314670e+00 8.252390335830596113e-01 1.034916175480803169e+00 9.173919446926220855e-01 5.546628446420871494e-01 4.960054811141375586e-01
1.159833731784123856e+00 1.136197004227611496e+00 1.144394860790082236e+00 1.139686293463467948e+00 1.137515509752164977e+00 8.315266462249975010e-01 1.023338433255575053e+00 7.916475805853229186e-01 4.885812242187231313e-01 4.369299578450214772e-01
1.142029179854101795e+00 1.148368552585763203e+00 1.158835569334963900e+00 1.154061946010455753e+00 1.126412192093582565e+00 8.779318128795855491e-01 9.952493238944506437e-01 7.048031221190945717e-01 3.645135951963996979e-01 3.542391098512967518e-01
1.155957289081460226e+00 1.160840758825813168e+00 1.153844403894675574e+00 1.124676744944961726e+00 1.135216514721524517e+00 1.121332906818748087e+00 7.267180584023337220e-01 3.956447116477025405e-01 1.956866638025615279e-01 2.005326499743252944e-01
